{"hands":[],"id":63071,"pointables":[],"r":[[-0.0243947,-0.483096,0.875228],[0.987936,-0.145578,-0.0528177],[0.15293,0.86338,0.480819]],"s":2.26812,"t":[57.2675,-714.552,-756.395],"timestamp":548169753}|{"hands":[],"id":63072,"pointables":[],"r":[[-0.0243947,-0.483096,0.875228],[0.987936,-0.145578,-0.0528177],[0.15293,0.86338,0.480819]],"s":2.26812,"t":[57.2675,-714.552,-756.395],"timestamp":548178444}|{"hands":[],"id":63073,"pointables":[],"r":[[-0.0243947,-0.483096,0.875228],[0.987936,-0.145578,-0.0528177],[0.15293,0.86338,0.480819]],"s":2.26812,"t":[57.2675,-714.552,-756.395],"timestamp":548187135}|{"hands":[],"id":63074,"pointables":[],"r":[[-0.0243947,-0.483096,0.875228],[0.987936,-0.145578,-0.0528177],[0.15293,0.86338,0.480819]],"s":2.26812,"t":[57.2675,-714.552,-756.395],"timestamp":548195825}|{"hands":[],"id":63075,"pointables":[],"r":[[-0.0243947,-0.483096,0.875228],[0.987936,-0.145578,-0.0528177],[0.15293,0.86338,0.480819]],"s":2.26812,"t":[57.2675,-714.552,-756.395],"timestamp":548204516}|{"hands":[],"id":63076,"pointables":[],"r":[[-0.0243947,-0.483096,0.875228],[0.987936,-0.145578,-0.0528177],[0.15293,0.86338,0.480819]],"s":2.26812,"t":[57.2675,-714.552,-756.395],"timestamp":548213206}|{"hands":[],"id":63077,"pointables":[],"r":[[-0.0243947,-0.483096,0.875228],[0.987936,-0.145578,-0.0528177],[0.15293,0.86338,0.480819]],"s":2.26812,"t":[57.2675,-714.552,-756.395],"timestamp":548221897}|{"hands":[],"id":63078,"pointables":[],"r":[[-0.0243947,-0.483096,0.875228],[0.987936,-0.145578,-0.0528177],[0.15293,0.86338,0.480819]],"s":2.26812,"t":[57.2675,-714.552,-756.395],"timestamp":548230588}|{"hands":[],"id":63079,"pointables":[],"r":[[-0.0243947,-0.483096,0.875228],[0.987936,-0.145578,-0.0528177],[0.15293,0.86338,0.480819]],"s":2.26812,"t":[57.2675,-714.552,-756.395],"timestamp":548239278}|{"hands":[],"id":63080,"pointables":[],"r":[[-0.0243947,-0.483096,0.875228],[0.987936,-0.145578,-0.0528177],[0.15293,0.86338,0.480819]],"s":2.26812,"t":[57.2675,-714.552,-756.395],"timestamp":548247969}|{"hands":[],"id":63081,"pointables":[],"r":[[-0.0243947,-0.483096,0.875228],[0.987936,-0.145578,-0.0528177],[0.15293,0.86338,0.480819]],"s":2.26812,"t":[57.2675,-714.552,-756.395],"timestamp":548256659}|{"hands":[],"id":63082,"pointables":[],"r":[[-0.0243947,-0.483096,0.875228],[0.987936,-0.145578,-0.0528177],[0.15293,0.86338,0.480819]],"s":2.26812,"t":[57.2675,-714.552,-756.395],"timestamp":548265350}|{"hands":[],"id":63083,"pointables":[],"r":[[-0.0243947,-0.483096,0.875228],[0.987936,-0.145578,-0.0528177],[0.15293,0.86338,0.480819]],"s":2.26812,"t":[57.2675,-714.552,-756.395],"timestamp":548274041}|{"hands":[],"id":63084,"pointables":[],"r":[[-0.0243947,-0.483096,0.875228],[0.987936,-0.145578,-0.0528177],[0.15293,0.86338,0.480819]],"s":2.26812,"t":[57.2675,-714.552,-756.395],"timestamp":548282731}|{"hands":[],"id":63085,"pointables":[],"r":[[-0.0243947,-0.483096,0.875228],[0.987936,-0.145578,-0.0528177],[0.15293,0.86338,0.480819]],"s":2.26812,"t":[57.2675,-714.552,-756.395],"timestamp":548291422}|{"hands":[],"id":63086,"pointables":[],"r":[[-0.0243947,-0.483096,0.875228],[0.987936,-0.145578,-0.0528177],[0.15293,0.86338,0.480819]],"s":2.26812,"t":[57.2675,-714.552,-756.395],"timestamp":548300112}|{"hands":[],"id":63087,"pointables":[],"r":[[-0.0243947,-0.483096,0.875228],[0.987936,-0.145578,-0.0528177],[0.15293,0.86338,0.480819]],"s":2.26812,"t":[57.2675,-714.552,-756.395],"timestamp":548308803}|{"hands":[],"id":63088,"pointables":[],"r":[[-0.0243947,-0.483096,0.875228],[0.987936,-0.145578,-0.0528177],[0.15293,0.86338,0.480819]],"s":2.26812,"t":[57.2675,-714.552,-756.395],"timestamp":548317494}|{"hands":[],"id":63089,"pointables":[],"r":[[-0.0243947,-0.483096,0.875228],[0.987936,-0.145578,-0.0528177],[0.15293,0.86338,0.480819]],"s":2.26812,"t":[57.2675,-714.552,-756.395],"timestamp":548326184}|{"hands":[],"id":63090,"pointables":[],"r":[[-0.0243947,-0.483096,0.875228],[0.987936,-0.145578,-0.0528177],[0.15293,0.86338,0.480819]],"s":2.26812,"t":[57.2675,-714.552,-756.395],"timestamp":548334875}|{"hands":[],"id":63091,"pointables":[],"r":[[-0.0243947,-0.483096,0.875228],[0.987936,-0.145578,-0.0528177],[0.15293,0.86338,0.480819]],"s":2.26812,"t":[57.2675,-714.552,-756.395],"timestamp":548343565}|{"hands":[],"id":63092,"pointables":[],"r":[[-0.0243947,-0.483096,0.875228],[0.987936,-0.145578,-0.0528177],[0.15293,0.86338,0.480819]],"s":2.26812,"t":[57.2675,-714.552,-756.395],"timestamp":548352256}|{"hands":[],"id":63093,"pointables":[],"r":[[-0.0243947,-0.483096,0.875228],[0.987936,-0.145578,-0.0528177],[0.15293,0.86338,0.480819]],"s":2.26812,"t":[57.2675,-714.552,-756.395],"timestamp":548360947}|{"hands":[],"id":63094,"pointables":[],"r":[[-0.0243947,-0.483096,0.875228],[0.987936,-0.145578,-0.0528177],[0.15293,0.86338,0.480819]],"s":2.26812,"t":[57.2675,-714.552,-756.395],"timestamp":548369637}|{"hands":[],"id":63095,"pointables":[],"r":[[-0.0243947,-0.483096,0.875228],[0.987936,-0.145578,-0.0528177],[0.15293,0.86338,0.480819]],"s":2.26812,"t":[57.2675,-714.552,-756.395],"timestamp":548378328}|{"hands":[],"id":63096,"pointables":[],"r":[[-0.0243947,-0.483096,0.875228],[0.987936,-0.145578,-0.0528177],[0.15293,0.86338,0.480819]],"s":2.26812,"t":[57.2675,-714.552,-756.395],"timestamp":548387018}|{"hands":[],"id":63097,"pointables":[],"r":[[-0.0243947,-0.483096,0.875228],[0.987936,-0.145578,-0.0528177],[0.15293,0.86338,0.480819]],"s":2.26812,"t":[57.2675,-714.552,-756.395],"timestamp":548395709}|{"hands":[],"id":63098,"pointables":[],"r":[[-0.0243947,-0.483096,0.875228],[0.987936,-0.145578,-0.0528177],[0.15293,0.86338,0.480819]],"s":2.26812,"t":[57.2675,-714.552,-756.395],"timestamp":548404400}|{"hands":[],"id":63099,"pointables":[],"r":[[-0.0243947,-0.483096,0.875228],[0.987936,-0.145578,-0.0528177],[0.15293,0.86338,0.480819]],"s":2.26812,"t":[57.2675,-714.552,-756.395],"timestamp":548413090}|{"hands":[],"id":63100,"pointables":[],"r":[[-0.0243947,-0.483096,0.875228],[0.987936,-0.145578,-0.0528177],[0.15293,0.86338,0.480819]],"s":2.26812,"t":[57.2675,-714.552,-756.395],"timestamp":548421781}|{"hands":[],"id":63101,"pointables":[],"r":[[-0.0243947,-0.483096,0.875228],[0.987936,-0.145578,-0.0528177],[0.15293,0.86338,0.480819]],"s":2.26812,"t":[57.2675,-714.552,-756.395],"timestamp":548430471}|{"hands":[],"id":63102,"pointables":[],"r":[[-0.0243947,-0.483096,0.875228],[0.987936,-0.145578,-0.0528177],[0.15293,0.86338,0.480819]],"s":2.26812,"t":[57.2675,-714.552,-756.395],"timestamp":548439162}|{"hands":[],"id":63103,"pointables":[],"r":[[-0.0243947,-0.483096,0.875228],[0.987936,-0.145578,-0.0528177],[0.15293,0.86338,0.480819]],"s":2.26812,"t":[57.2675,-714.552,-756.395],"timestamp":548447853}|{"hands":[],"id":63104,"pointables":[],"r":[[-0.0243947,-0.483096,0.875228],[0.987936,-0.145578,-0.0528177],[0.15293,0.86338,0.480819]],"s":2.26812,"t":[57.2675,-714.552,-756.395],"timestamp":548456543}|{"hands":[],"id":63105,"pointables":[],"r":[[-0.0243947,-0.483096,0.875228],[0.987936,-0.145578,-0.0528177],[0.15293,0.86338,0.480819]],"s":2.26812,"t":[57.2675,-714.552,-756.395],"timestamp":548465234}|{"hands":[],"id":63106,"pointables":[],"r":[[-0.0243947,-0.483096,0.875228],[0.987936,-0.145578,-0.0528177],[0.15293,0.86338,0.480819]],"s":2.26812,"t":[57.2675,-714.552,-756.395],"timestamp":548473924}|{"hands":[],"id":63107,"pointables":[],"r":[[-0.0243947,-0.483096,0.875228],[0.987936,-0.145578,-0.0528177],[0.15293,0.86338,0.480819]],"s":2.26812,"t":[57.2675,-714.552,-756.395],"timestamp":548482615}|{"hands":[],"id":63108,"pointables":[],"r":[[-0.0243947,-0.483096,0.875228],[0.987936,-0.145578,-0.0528177],[0.15293,0.86338,0.480819]],"s":2.26812,"t":[57.2675,-714.552,-756.395],"timestamp":548491306}|{"hands":[],"id":63109,"pointables":[],"r":[[-0.0243947,-0.483096,0.875228],[0.987936,-0.145578,-0.0528177],[0.15293,0.86338,0.480819]],"s":2.26812,"t":[57.2675,-714.552,-756.395],"timestamp":548499996}|{"hands":[],"id":63110,"pointables":[],"r":[[-0.0243947,-0.483096,0.875228],[0.987936,-0.145578,-0.0528177],[0.15293,0.86338,0.480819]],"s":2.26812,"t":[57.2675,-714.552,-756.395],"timestamp":548508687}|{"hands":[],"id":63111,"pointables":[],"r":[[-0.0243947,-0.483096,0.875228],[0.987936,-0.145578,-0.0528177],[0.15293,0.86338,0.480819]],"s":2.26812,"t":[57.2675,-714.552,-756.395],"timestamp":548517377}|{"hands":[],"id":63112,"pointables":[],"r":[[-0.0243947,-0.483096,0.875228],[0.987936,-0.145578,-0.0528177],[0.15293,0.86338,0.480819]],"s":2.26812,"t":[57.2675,-714.552,-756.395],"timestamp":548526068}|{"hands":[],"id":63113,"pointables":[],"r":[[-0.0243947,-0.483096,0.875228],[0.987936,-0.145578,-0.0528177],[0.15293,0.86338,0.480819]],"s":2.26812,"t":[57.2675,-714.552,-756.395],"timestamp":548534759}|{"hands":[],"id":63114,"pointables":[],"r":[[-0.0243947,-0.483096,0.875228],[0.987936,-0.145578,-0.0528177],[0.15293,0.86338,0.480819]],"s":2.26812,"t":[57.2675,-714.552,-756.395],"timestamp":548543449}|{"hands":[],"id":63115,"pointables":[],"r":[[-0.0243947,-0.483096,0.875228],[0.987936,-0.145578,-0.0528177],[0.15293,0.86338,0.480819]],"s":2.26812,"t":[57.2675,-714.552,-756.395],"timestamp":548552140}|{"hands":[],"id":63116,"pointables":[],"r":[[-0.0243947,-0.483096,0.875228],[0.987936,-0.145578,-0.0528177],[0.15293,0.86338,0.480819]],"s":2.26812,"t":[57.2675,-714.552,-756.395],"timestamp":548560830}|{"hands":[],"id":63117,"pointables":[],"r":[[-0.0243947,-0.483096,0.875228],[0.987936,-0.145578,-0.0528177],[0.15293,0.86338,0.480819]],"s":2.26812,"t":[57.2675,-714.552,-756.395],"timestamp":548569521}|{"hands":[],"id":63118,"pointables":[],"r":[[-0.0243947,-0.483096,0.875228],[0.987936,-0.145578,-0.0528177],[0.15293,0.86338,0.480819]],"s":2.26812,"t":[57.2675,-714.552,-756.395],"timestamp":548578212}|{"hands":[],"id":63119,"pointables":[],"r":[[-0.0243947,-0.483096,0.875228],[0.987936,-0.145578,-0.0528177],[0.15293,0.86338,0.480819]],"s":2.26812,"t":[57.2675,-714.552,-756.395],"timestamp":548586902}|{"hands":[],"id":63120,"pointables":[],"r":[[-0.0243947,-0.483096,0.875228],[0.987936,-0.145578,-0.0528177],[0.15293,0.86338,0.480819]],"s":2.26812,"t":[57.2675,-714.552,-756.395],"timestamp":548595593}|{"hands":[],"id":63121,"pointables":[],"r":[[-0.0243947,-0.483096,0.875228],[0.987936,-0.145578,-0.0528177],[0.15293,0.86338,0.480819]],"s":2.26812,"t":[57.2675,-714.552,-756.395],"timestamp":548604283}|{"hands":[],"id":63122,"pointables":[],"r":[[-0.0243947,-0.483096,0.875228],[0.987936,-0.145578,-0.0528177],[0.15293,0.86338,0.480819]],"s":2.26812,"t":[57.2675,-714.552,-756.395],"timestamp":548612974}|{"hands":[],"id":63123,"pointables":[],"r":[[-0.0243947,-0.483096,0.875228],[0.987936,-0.145578,-0.0528177],[0.15293,0.86338,0.480819]],"s":2.26812,"t":[57.2675,-714.552,-756.395],"timestamp":548621665}|{"hands":[],"id":63124,"pointables":[],"r":[[-0.0243947,-0.483096,0.875228],[0.987936,-0.145578,-0.0528177],[0.15293,0.86338,0.480819]],"s":2.26812,"t":[57.2675,-714.552,-756.395],"timestamp":548630355}|{"hands":[],"id":63125,"pointables":[],"r":[[-0.0243947,-0.483096,0.875228],[0.987936,-0.145578,-0.0528177],[0.15293,0.86338,0.480819]],"s":2.26812,"t":[57.2675,-714.552,-756.395],"timestamp":548639046}|{"hands":[],"id":63126,"pointables":[],"r":[[-0.0243947,-0.483096,0.875228],[0.987936,-0.145578,-0.0528177],[0.15293,0.86338,0.480819]],"s":2.26812,"t":[57.2675,-714.552,-756.395],"timestamp":548647736}|{"hands":[],"id":63127,"pointables":[],"r":[[-0.0243947,-0.483096,0.875228],[0.987936,-0.145578,-0.0528177],[0.15293,0.86338,0.480819]],"s":2.26812,"t":[57.2675,-714.552,-756.395],"timestamp":548656427}|{"hands":[],"id":63128,"pointables":[],"r":[[-0.0243947,-0.483096,0.875228],[0.987936,-0.145578,-0.0528177],[0.15293,0.86338,0.480819]],"s":2.26812,"t":[57.2675,-714.552,-756.395],"timestamp":548665118}|{"hands":[],"id":63129,"pointables":[],"r":[[-0.0243947,-0.483096,0.875228],[0.987936,-0.145578,-0.0528177],[0.15293,0.86338,0.480819]],"s":2.26812,"t":[57.2675,-714.552,-756.395],"timestamp":548673808}|{"hands":[],"id":63130,"pointables":[],"r":[[-0.0243947,-0.483096,0.875228],[0.987936,-0.145578,-0.0528177],[0.15293,0.86338,0.480819]],"s":2.26812,"t":[57.2675,-714.552,-756.395],"timestamp":548682499}|{"hands":[],"id":63131,"pointables":[],"r":[[-0.0243947,-0.483096,0.875228],[0.987936,-0.145578,-0.0528177],[0.15293,0.86338,0.480819]],"s":2.26812,"t":[57.2675,-714.552,-756.395],"timestamp":548691189}|{"hands":[],"id":63132,"pointables":[],"r":[[-0.0243947,-0.483096,0.875228],[0.987936,-0.145578,-0.0528177],[0.15293,0.86338,0.480819]],"s":2.26812,"t":[57.2675,-714.552,-756.395],"timestamp":548699880}|{"hands":[],"id":63133,"pointables":[],"r":[[-0.0243947,-0.483096,0.875228],[0.987936,-0.145578,-0.0528177],[0.15293,0.86338,0.480819]],"s":2.26812,"t":[57.2675,-714.552,-756.395],"timestamp":548708571}|{"hands":[],"id":63134,"pointables":[],"r":[[-0.0243947,-0.483096,0.875228],[0.987936,-0.145578,-0.0528177],[0.15293,0.86338,0.480819]],"s":2.26812,"t":[57.2675,-714.552,-756.395],"timestamp":548717261}|{"hands":[],"id":63135,"pointables":[],"r":[[-0.0243947,-0.483096,0.875228],[0.987936,-0.145578,-0.0528177],[0.15293,0.86338,0.480819]],"s":2.26812,"t":[57.2675,-714.552,-756.395],"timestamp":548725952}|{"hands":[],"id":63136,"pointables":[],"r":[[-0.0243947,-0.483096,0.875228],[0.987936,-0.145578,-0.0528177],[0.15293,0.86338,0.480819]],"s":2.26812,"t":[57.2675,-714.552,-756.395],"timestamp":548734642}|{"hands":[],"id":63137,"pointables":[],"r":[[-0.0243947,-0.483096,0.875228],[0.987936,-0.145578,-0.0528177],[0.15293,0.86338,0.480819]],"s":2.26812,"t":[57.2675,-714.552,-756.395],"timestamp":548743333}|{"hands":[{"direction":[0.554678,0.646587,-0.519848],"id":10,"palmNormal":[-0.0469888,-0.59665,-0.797183],"palmPosition":[80.5911,288.324,124.936],"palmVelocity":[-399.152,1123.96,-353.968],"r":[[1,0,0],[0,1,0],[0,0,1]],"s":1,"sphereCenter":[92.5286,305.264,140.788],"sphereRadius":77.2458,"t":[0,0,0]}],"id":63138,"pointables":[],"r":[[-0.0243947,-0.483096,0.875228],[0.987936,-0.145578,-0.0528177],[0.15293,0.86338,0.480819]],"s":2.26812,"t":[56.5737,-712.598,-757.01],"timestamp":548752024}|{"hands":[{"direction":[0.541626,0.654984,-0.522572],"id":10,"palmNormal":[-0.0287154,-0.602805,-0.793562],"palmPosition":[76.1948,296.858,121.99],"palmVelocity":[-505.907,982.029,-339.079],"r":[[1,0,0],[0,1,0],[0,0,1]],"s":1,"sphereCenter":[88.3668,318.245,141.778],"sphereRadius":79.1262,"t":[-0.879266,1.70677,-0.589319]}],"id":63139,"pointables":[],"r":[[-0.0243947,-0.483096,0.875228],[0.987936,-0.145578,-0.0528177],[0.15293,0.86338,0.480819]],"s":2.26812,"t":[55.1394,-709.329,-758.092],"timestamp":548760714}|{"hands":[{"direction":[0.528792,0.660006,-0.528976],"id":10,"palmNormal":[-0.0129782,-0.613577,-0.785722],"palmPosition":[70.7849,303.77,118.822],"palmVelocity":[-622.472,795.245,-364.515],"r":[[1,0,0],[0,1,0],[0,0,1]],"s":1,"sphereCenter":[83.5192,330.071,142.502],"sphereRadius":81.0293,"t":[-2.66466,4.45448,-1.69437]}],"id":63140,"pointables":[],"r":[[-0.0243947,-0.483096,0.875228],[0.987936,-0.145578,-0.0528177],[0.15293,0.86338,0.480819]],"s":2.26812,"t":[52.9099,-705.33,-759.59],"timestamp":548769405}|{"hands":[{"direction":[0.513211,0.667971,-0.533513],"id":10,"palmNormal":[-0.00162418,-0.617605,-0.78327],"palmPosition":[65.0737,311.044,115.602],"palmVelocity":[-657.21,837.047,-370.535],"r":[[1,0,0],[0,1,0],[0,0,1]],"s":1,"sphereCenter":[78.5284,340.84,142.057],"sphereRadius":82.3387,"t":[-5.2352,8.10743,-3.22241]}],"id":63141,"pointables":[],"r":[[-0.0243947,-0.483096,0.875228],[0.987936,-0.145578,-0.0528177],[0.15293,0.86338,0.480819]],"s":2.26812,"t":[49.9842,-700.677,-761.433],"timestamp":548778095}|{"hands":[{"direction":[0.499567,0.677145,-0.534497],"id":10,"palmNormal":[0.0176952,-0.619479,-0.781602],"palmPosition":[59.0693,318.373,112.432],"palmVelocity":[-690.88,843.281,-364.691],"r":[[1,0,0],[0,1,0],[0,0,1]],"s":1,"sphereCenter":[72.8675,350.906,141.858],"sphereRadius":83.8917,"t":[-8.49253,12.4956,-5.07874]}],"id":63142,"pointables":[],"r":[[-0.0243947,-0.483096,0.875228],[0.987936,-0.145578,-0.0528177],[0.15293,0.86338,0.480819]],"s":2.26812,"t":[46.4426,-695.489,-763.542],"timestamp":548786786}|{"hands":[{"direction":[0.489961,0.680835,-0.539033],"id":10,"palmNormal":[0.0288983,-0.626696,-0.775854],"palmPosition":[53.0445,324.514,108.932],"palmVelocity":[-693.214,706.688,-402.74],"r":[[1,0,0],[0,1,0],[0,0,1]],"s":1,"sphereCenter":[66.9167,361.174,141.637],"sphereRadius":86.1099,"t":[-12.3033,17.2345,-7.26384]}],"id":63143,"pointables":[],"r":[[-0.0243947,-0.483096,0.875228],[0.987936,-0.145578,-0.0528177],[0.15293,0.86338,0.480819]],"s":2.26812,"t":[42.4045,-690.11,-765.928],"timestamp":548795477}|{"hands":[{"direction":[0.487538,0.679681,-0.543433],"id":10,"palmNormal":[0.0322425,-0.634825,-0.769559],"palmPosition":[46.8579,329.983,105.075],"palmVelocity":[-711.93,629.319,-443.8],"r":[[1,0,0],[0,1,0],[0,0,1]],"s":1,"sphereCenter":[61.0563,372.571,143.458],"sphereRadius":90.5549,"t":[-16.5893,22.1193,-9.78325]}],"id":63144,"pointables":[],"r":[[-0.0243947,-0.483096,0.875228],[0.987936,-0.145578,-0.0528177],[0.15293,0.86338,0.480819]],"s":2.26812,"t":[37.9366,-684.713,-768.609],"timestamp":548804167}|{"hands":[{"direction":[0.479783,0.68582,-0.542923],"id":10,"palmNormal":[0.0378202,-0.631712,-0.772364],"palmPosition":[40.925,336.479,101.306],"palmVelocity":[-682.641,747.411,-433.714],"r":[[1,0,0],[0,1,0],[0,0,1]],"s":1,"sphereCenter":[55.4045,382.048,145.456],"sphereRadius":94.458,"t":[-21.2047,27.3264,-12.5527]}],"id":63145,"pointables":[],"r":[[-0.0243947,-0.483096,0.875228],[0.987936,-0.145578,-0.0528177],[0.15293,0.86338,0.480819]],"s":2.26812,"t":[33.1758,-679.096,-771.508],"timestamp":548812858}|{"hands":[{"direction":[0.474942,0.686969,-0.546263],"id":10,"palmNormal":[0.037445,-0.634881,-0.770228],"palmPosition":[34.9816,340.641,97.8209],"palmVelocity":[-683.934,478.996,-401.042],"r":[[1,0,0],[0,1,0],[0,0,1]],"s":1,"sphereCenter":[49.5811,390.262,145.601],"sphereRadius":96.8826,"t":[-26.0856,32.3245,-15.4652]}],"id":63146,"pointables":[],"r":[[-0.0243947,-0.483096,0.875228],[0.987936,-0.145578,-0.0528177],[0.15293,0.86338,0.480819]],"s":2.26812,"t":[28.1784,-673.77,-774.523],"timestamp":548821548}|{"hands":[{"direction":[0.467894,0.686563,-0.552995],"id":10,"palmNormal":[0.0317622,-0.640201,-0.766289],"palmPosition":[28.9982,343.47,94.5937],"palmVelocity":[-688.464,325.467,-371.336],"r":[[1,0,0],[0,1,0],[0,0,1]],"s":1,"sphereCenter":[44.0989,395.341,142.336],"sphereRadius":96.1383,"t":[-31.1871,36.8888,-18.4407]}],"id":63147,"pointables":[],"r":[[-0.0243947,-0.483096,0.875228],[0.987936,-0.145578,-0.0528177],[0.15293,0.86338,0.480819]],"s":2.26812,"t":[22.9839,-668.944,-777.581],"timestamp":548830239}|{"hands":[{"direction":[0.457264,0.686837,-0.561246],"id":10,"palmNormal":[0.0305099,-0.647037,-0.76074],"palmPosition":[23.4948,347.318,90.7431],"palmVelocity":[-633.228,442.807,-443.055],"r":[[1,0,0],[0,1,0],[0,0,1]],"s":1,"sphereCenter":[38.5207,400.378,137.174],"sphereRadius":94.753,"t":[-36.3689,41.3098,-21.5912]}],"id":63148,"pointables":[],"r":[[-0.0243947,-0.483096,0.875228],[0.987936,-0.145578,-0.0528177],[0.15293,0.86338,0.480819]],"s":2.26812,"t":[17.7275,-664.313,-780.798],"timestamp":548838930}|{"hands":[{"direction":[0.448964,0.688167,-0.566473],"id":10,"palmNormal":[0.0302626,-0.649964,-0.758505],"palmPosition":[18.039,350.885,87.0884],"palmVelocity":[-627.833,410.459,-420.567],"r":[[1,0,0],[0,1,0],[0,0,1]],"s":1,"sphereCenter":[32.9111,406.896,135.043],"sphereRadius":96.1187,"t":[-41.6055,45.5601,-24.8425]}],"id":63149,"pointables":[],"r":[[-0.0243947,-0.483096,0.875228],[0.987936,-0.145578,-0.0528177],[0.15293,0.86338,0.480819]],"s":2.26812,"t":[12.4313,-659.895,-784.102],"timestamp":548847620}|{"hands":[{"direction":[0.437224,0.687298,-0.576185],"id":10,"palmNormal":[0.0275739,-0.657748,-0.751868],"palmPosition":[12.5858,353.036,83.8016],"palmVelocity":[-627.446,247.506,-378.184],"r":[[1,0,0],[0,1,0],[0,0,1]],"s":1,"sphereCenter":[27.5085,409.199,127.34],"sphereRadius":92.6338,"t":[-46.8855,49.3905,-28.101]}],"id":63150,"pointables":[],"r":[[-0.0243947,-0.483096,0.875228],[0.987936,-0.145578,-0.0528177],[0.15293,0.86338,0.480819]],"s":2.26812,"t":[7.10367,-655.93,-787.403],"timestamp":548856311}|{"hands":[{"direction":[0.425438,0.689169,-0.582595],"id":10,"palmNormal":[0.017589,-0.657564,-0.752355],"palmPosition":[7.23589,356.826,79.9419],"palmVelocity":[-615.643,436.049,-444.151],"r":[[1,0,0],[0,1,0],[0,0,1]],"s":1,"sphereCenter":[22.8199,414.449,124.338],"sphereRadius":93.1411,"t":[-52.1794,53.2126,-31.4797]}],"id":63151,"pointables":[],"r":[[-0.0243947,-0.483096,0.875228],[0.987936,-0.145578,-0.0528177],[0.15293,0.86338,0.480819]],"s":2.26812,"t":[1.77158,-652.001,-790.815],"timestamp":548865001}|{"hands":[{"direction":[0.413055,0.689338,-0.590965],"id":10,"palmNormal":[0.0118977,-0.661847,-0.748795],"palmPosition":[2.02555,359.733,76.2245],"palmVelocity":[-599.51,334.554,-427.731],"r":[[1,0,0],[0,1,0],[0,0,1]],"s":1,"sphereCenter":[17.6597,420.456,122.811],"sphereRadius":95.0619,"t":[-57.4566,56.8519,-34.9261]}],"id":63152,"pointables":[],"r":[[-0.0243947,-0.483096,0.875228],[0.987936,-0.145578,-0.0528177],[0.15293,0.86338,0.480819]],"s":2.26812,"t":[-3.53615,-648.275,-794.289],"timestamp":548873692}|{"hands":[{"direction":[0.406155,0.691368,-0.593826],"id":10,"palmNormal":[0.00621765,-0.659275,-0.751235],"palmPosition":[-3.20626,362.213,73.0239],"palmVelocity":[-601.98,285.343,-368.262],"r":[[1,0,0],[0,1,0],[0,0,1]],"s":1,"sphereCenter":[12.9068,424.942,121.032],"sphereRadius":96.3605,"t":[-62.7248,60.2593,-38.3234]}],"id":63153,"pointables":[],"r":[[-0.0243947,-0.483096,0.875228],[0.987936,-0.145578,-0.0528177],[0.15293,0.86338,0.480819]],"s":2.26812,"t":[-8.8287,-644.799,-797.708],"timestamp":548882383}|{"hands":[{"direction":[0.402636,0.688548,-0.599861],"id":10,"palmNormal":[0.0079206,-0.66618,-0.745098],"palmPosition":[-8.4633,362.5,70.7762],"palmVelocity":[-604.953,32.9989,-258.652],"r":[[1,0,0],[0,1,0],[0,0,1]],"s":1,"sphereCenter":[7.2308,428.343,119.723],"sphereRadius":97.9982,"t":[-67.9907,63.0426,-41.4907]}],"id":63154,"pointables":[],"r":[[-0.0243947,-0.483096,0.875228],[0.987936,-0.145578,-0.0528177],[0.15293,0.86338,0.480819]],"s":2.26812,"t":[-14.1141,-641.961,-800.893],"timestamp":548891073}|{"hands":[{"direction":[0.396543,0.688869,-0.603877],"id":10,"palmNormal":[0.0092616,-0.668209,-0.743415],"palmPosition":[-13.2892,364.842,67.2806],"palmVelocity":[-555.274,269.454,-402.214],"r":[[1,0,0],[0,1,0],[0,0,1]],"s":1,"sphereCenter":[1.83669,433.451,117.937],"sphereRadius":100.005,"t":[-73.1686,65.7375,-44.7237]}],"id":63155,"pointables":[],"r":[[-0.0243947,-0.483096,0.875228],[0.987936,-0.145578,-0.0528177],[0.15293,0.86338,0.480819]],"s":2.26812,"t":[-19.3077,-639.222,-804.139],"timestamp":548899764}|{"hands":[{"direction":[0.386718,0.68917,-0.609839],"id":10,"palmNormal":[0.00991754,-0.671836,-0.740215],"palmPosition":[-18.1705,366.667,64.1547],"palmVelocity":[-561.711,210.008,-359.713],"r":[[1,0,0],[0,1,0],[0,0,1]],"s":1,"sphereCenter":[-3.53715,436.294,113.741],"sphereRadius":99.4822,"t":[-78.2872,68.2585,-47.9353]}],"id":63156,"pointables":[],"r":[[-0.0243947,-0.483096,0.875228],[0.987936,-0.145578,-0.0528177],[0.15293,0.86338,0.480819]],"s":2.26812,"t":[-24.4388,-636.666,-807.362],"timestamp":548908454}|{"hands":[{"direction":[0.377502,0.691318,-0.613268],"id":10,"palmNormal":[0.0159834,-0.673004,-0.73908],"palmPosition":[-23.149,367.607,61.8084],"palmVelocity":[-572.842,108.164,-269.961],"r":[[1,0,0],[0,1,0],[0,0,1]],"s":1,"sphereCenter":[-9.10114,437.355,109.368],"sphereRadius":98.1425,"t":[-83.3778,70.4633,-50.9738]}],"id":63157,"pointables":[],"r":[[-0.0243947,-0.483096,0.875228],[0.987936,-0.145578,-0.0528177],[0.15293,0.86338,0.480819]],"s":2.26812,"t":[-29.5393,-634.433,-810.409],"timestamp":548917145}|{"hands":[{"direction":[0.369276,0.691447,-0.618225],"id":10,"palmNormal":[0.0192309,-0.676717,-0.735635],"palmPosition":[-27.9161,368.765,59.0077],"palmVelocity":[-548.51,133.251,-322.263],"r":[[1,0,0],[0,1,0],[0,0,1]],"s":1,"sphereCenter":[-14.6789,440.66,106.448],"sphereRadius":98.9657,"t":[-88.4037,72.4588,-53.9648]}],"id":63158,"pointables":[],"r":[[-0.0243947,-0.483096,0.875228],[0.987936,-0.145578,-0.0528177],[0.15293,0.86338,0.480819]],"s":2.26812,"t":[-34.5732,-632.415,-813.407],"timestamp":548925836}|{"hands":[{"direction":[0.364167,0.691002,-0.62204],"id":10,"palmNormal":[0.0196023,-0.679214,-0.733392],"palmPosition":[-32.6054,369.655,56.5695],"palmVelocity":[-539.616,102.42,-280.572],"r":[[1,0,0],[0,1,0],[0,0,1]],"s":1,"sphereCenter":[-19.9099,440.726,100.061],"sphereRadius":96.0105,"t":[-93.3622,74.2331,-56.8452]}],"id":63159,"pointables":[],"r":[[-0.0243947,-0.483096,0.875228],[0.987936,-0.145578,-0.0528177],[0.15293,0.86338,0.480819]],"s":2.26812,"t":[-39.5382,-630.623,-816.294],"timestamp":548934526}|{"hands":[{"direction":[0.358399,0.69042,-0.62623],"id":10,"palmNormal":[0.0220042,-0.68257,-0.730223],"palmPosition":[-37.4208,369.669,54.6436],"palmVelocity":[-554.066,1.65807,-221.59],"r":[[1,0,0],[0,1,0],[0,0,1]],"s":1,"sphereCenter":[-25.0218,439.235,95.6474],"sphereRadius":93.5601,"t":[-98.5985,75.1057,-59.3882]}],"id":63160,"pointables":[{"direction":[0.136172,0.478135,-0.867666],"handId":10,"id":5,"length":50.2093,"tipPosition":[7.02349,444.327,0.788316],"tipVelocity":[-634.441,-3.3621,-253.781],"tool":false}],"r":[[-0.0243947,-0.483096,0.875228],[0.987936,-0.145578,-0.0528177],[0.15293,0.86338,0.480819]],"s":2.26812,"t":[-44.7776,-629.741,-818.839],"timestamp":548943217}|{"hands":[{"direction":[0.354792,0.688764,-0.630336],"id":10,"palmNormal":[0.030394,-0.688068,-0.724552],"palmPosition":[-41.745,370.163,52.0997],"palmVelocity":[-497.613,56.8406,-292.743],"r":[[1,0,0],[0,1,0],[0,0,1]],"s":1,"sphereCenter":[-30.4069,438.133,89.167],"sphereRadius":90.3005,"t":[-103.851,75.622,-62.3561]}],"id":63161,"pointables":[{"direction":[0.123254,0.510445,-0.851031],"handId":10,"id":5,"length":50.2307,"tipPosition":[1.7552,444.487,-2.60444],"tipVelocity":[-606.248,18.4193,-390.421],"tool":false}],"r":[[-0.0243947,-0.483096,0.875228],[0.987936,-0.145578,-0.0528177],[0.15293,0.86338,0.480819]],"s":2.26812,"t":[-50.0315,-629.22,-821.809],"timestamp":548951907}|{"hands":[{"direction":[0.350164,0.687489,-0.634474],"id":10,"palmNormal":[0.032892,-0.691757,-0.720978],"palmPosition":[-45.9523,370.919,49.25],"palmVelocity":[-484.096,86.979,-327.887],"r":[[1,0,0],[0,1,0],[0,0,1]],"s":1,"sphereCenter":[-35.5708,437.539,81.7637],"sphereRadius":87.1381,"t":[-109.02,76.5768,-65.9009]}],"id":63162,"pointables":[{"direction":[0.110939,0.491518,-0.863773],"handId":10,"id":5,"length":50.1791,"tipPosition":[-3.3307,445.881,-6.72612],"tipVelocity":[-585.191,160.309,-474.246],"tool":false}],"r":[[-0.0243947,-0.483096,0.875228],[0.987936,-0.145578,-0.0528177],[0.15293,0.86338,0.480819]],"s":2.26812,"t":[-55.2014,-628.263,-825.354],"timestamp":548960598}|{"hands":[{"direction":[0.347615,0.686046,-0.637654],"id":10,"palmNormal":[0.035623,-0.694845,-0.717927],"palmPosition":[-50.2397,371.286,46.4373],"palmVelocity":[-493.317,42.1619,-323.639],"r":[[1,0,0],[0,1,0],[0,0,1]],"s":1,"sphereCenter":[-40.5439,438.073,78.4237],"sphereRadius":86.6817,"t":[-114.203,77.1017,-69.3716]}],"id":63163,"pointables":[{"direction":[0.0997978,0.505144,-0.857246],"handId":10,"id":5,"length":50.1985,"tipPosition":[-8.52717,445.976,-10.1228],"tipVelocity":[-597.914,10.9389,-390.833],"tool":false}],"r":[[-0.0243947,-0.483096,0.875228],[0.987936,-0.145578,-0.0528177],[0.15293,0.86338,0.480819]],"s":2.26812,"t":[-60.3846,-627.737,-828.825],"timestamp":548969289}|{"hands":[{"direction":[0.342307,0.683769,-0.64297],"id":10,"palmNormal":[0.0372321,-0.699905,-0.712898],"palmPosition":[-54.6237,370.945,44.5722],"palmVelocity":[-504.49,-39.1866,-214.624],"r":[[1,0,0],[0,1,0],[0,0,1]],"s":1,"sphereCenter":[-45.5089,436.349,72.3002],"sphereRadius":83.9,"t":[-119.363,77.2099,-72.6904]}],"id":63164,"pointables":[{"direction":[0.0898285,0.485757,-0.869466],"handId":10,"id":5,"length":51.2118,"tipPosition":[-13.6644,445.667,-13.2896],"tipVelocity":[-591.164,-35.5018,-364.414],"tool":false}],"r":[[-0.0243947,-0.483096,0.875228],[0.987936,-0.145578,-0.0528177],[0.15293,0.86338,0.480819]],"s":2.26812,"t":[-65.5448,-627.628,-832.144],"timestamp":548977979}|{"hands":[{"direction":[0.336304,0.681468,-0.648534],"id":10,"palmNormal":[0.040265,-0.705156,-0.707504],"palmPosition":[-58.8095,370.612,42.2764],"palmVelocity":[-481.625,-38.3613,-264.163],"r":[[1,0,0],[0,1,0],[0,0,1]],"s":1,"sphereCenter":[-50.7661,436.604,67.4759],"sphereRadius":82.8831,"t":[-124.529,77.4616,-76.2426]}],"id":63165,"pointables":[{"direction":[0.0781732,0.508444,-0.857539],"handId":10,"id":5,"length":50.5869,"tipPosition":[-18.8367,446.062,-17.0752],"tipVelocity":[-595.133,45.4721,-435.581],"tool":false}],"r":[[-0.0243947,-0.483096,0.875228],[0.987936,-0.145578,-0.0528177],[0.15293,0.86338,0.480819]],"s":2.26812,"t":[-70.711,-627.376,-835.697],"timestamp":548986670}|{"hands":[{"direction":[0.329297,0.67911,-0.654491],"id":10,"palmNormal":[0.0423873,-0.71029,-0.702213],"palmPosition":[-63.0915,370.465,40.067],"palmVelocity":[-492.747,-16.8702,-254.237],"r":[[1,0,0],[0,1,0],[0,0,1]],"s":1,"sphereCenter":[-55.3023,434.717,62.9304],"sphereRadius":80.8186,"t":[-129.704,76.9915,-79.5667]}],"id":63166,"pointables":[{"direction":[0.0693716,0.493288,-0.867095],"handId":10,"id":5,"length":49.8752,"tipPosition":[-24.021,444.871,-20.1712],"tipVelocity":[-596.58,-137.161,-356.269],"tool":false}],"r":[[-0.0243947,-0.483096,0.875228],[0.987936,-0.145578,-0.0528177],[0.15293,0.86338,0.480819]],"s":2.26812,"t":[-75.8863,-627.846,-839.021],"timestamp":548995360}|{"hands":[{"direction":[0.3104,0.67681,-0.664576],"id":10,"palmNormal":[0.0447346,-0.717531,-0.694538],"palmPosition":[-70.797,369.124,37.5981],"palmVelocity":[-295.547,-51.4277,-94.6976],"r":[[1,0,0],[0,1,0],[0,0,1]],"s":1,"sphereCenter":[-62.2596,434.694,59.4804],"sphereRadius":80.9933,"t":[-136.476,76.1045,-83.265]}],"id":63169,"pointables":[{"direction":[0.0579409,0.504421,-0.861512],"handId":10,"id":5,"length":49.8138,"tipPosition":[-32.3889,443.567,-24.2438],"tipVelocity":[-320.955,-50.0106,-156.206],"tool":false}],"r":[[-0.0243947,-0.483096,0.875228],[0.987936,-0.145578,-0.0528177],[0.15293,0.86338,0.480819]],"s":2.26812,"t":[-82.6579,-628.733,-842.719],"timestamp":549021432}|{"hands":[{"direction":[0.300578,0.674985,-0.67091],"id":10,"palmNormal":[0.0487142,-0.72199,-0.689655],"palmPosition":[-77.1712,368.149,35.3241],"palmVelocity":[-733.425,-112.173,-261.655],"r":[[1,0,0],[0,1,0],[0,0,1]],"s":1,"sphereCenter":[-68.7405,432.421,53.5167],"sphereRadius":78.7382,"t":[-143.929,75.101,-87.0562]}],"id":63170,"pointables":[{"direction":[0.0491432,0.498815,-0.865314],"handId":10,"id":5,"length":50.0023,"tipPosition":[-40.5244,442.447,-28.1279],"tipVelocity":[-936.083,-128.879,-446.904],"tool":false}],"r":[[-0.0243947,-0.483096,0.875228],[0.987936,-0.145578,-0.0528177],[0.15293,0.86338,0.480819]],"s":2.26812,"t":[-90.1114,-629.737,-846.51],"timestamp":549030123}|{"hands":[{"direction":[0.291049,0.674033,-0.676122],"id":10,"palmNormal":[0.0454346,-0.723873,-0.688007],"palmPosition":[-82.7872,367.758,32.8218],"palmVelocity":[-646.255,-45.0393,-287.945],"r":[[1,0,0],[0,1,0],[0,0,1]],"s":1,"sphereCenter":[-74.3719,434.538,52.8104],"sphereRadius":80.8768,"t":[-151.393,74.103,-90.6786]}],"id":63171,"pointables":[{"direction":[0.0373149,0.514538,-0.856655],"handId":10,"id":5,"length":49.2197,"tipPosition":[-47.9992,441.454,-31.5815],"tipVelocity":[-860.158,-114.204,-397.429],"tool":false}],"r":[[-0.0243947,-0.483096,0.875228],[0.987936,-0.145578,-0.0528177],[0.15293,0.86338,0.480819]],"s":2.26812,"t":[-97.5756,-630.735,-850.133],"timestamp":549038813}|{"hands":[{"direction":[0.277929,0.674841,-0.680614],"id":10,"palmNormal":[0.0467511,-0.724385,-0.687487],"palmPosition":[-87.9267,366.58,31.8705],"palmVelocity":[-591.359,-135.56,-109.459],"r":[[1,0,0],[0,1,0],[0,0,1]],"s":1,"sphereCenter":[-79.8608,432.494,48.6202],"sphereRadius":79.1704,"t":[-158.473,72.9183,-93.8208]}],"id":63172,"pointables":[{"direction":[0.0296856,0.494227,-0.868826],"handId":10,"id":5,"length":48.7554,"tipPosition":[-54.6954,440.083,-34.2434],"tipVelocity":[-770.474,-157.795,-306.285],"tool":false}],"r":[[-0.0243947,-0.483096,0.875228],[0.987936,-0.145578,-0.0528177],[0.15293,0.86338,0.480819]],"s":2.26812,"t":[-104.656,-631.919,-853.275],"timestamp":549047504}|{"hands":[{"direction":[0.272067,0.671057,-0.686898],"id":10,"palmNormal":[0.0439579,-0.729829,-0.681832],"palmPosition":[-92.7078,365.589,30.3923],"palmVelocity":[-550.127,-113.985,-170.09],"r":[[1,0,0],[0,1,0],[0,0,1]],"s":1,"sphereCenter":[-85.1385,434.013,47.9628],"sphereRadius":80.9655,"t":[-165.091,72.003,-97.0192]}],"id":63173,"pointables":[{"direction":[0.0193595,0.503377,-0.86385],"handId":10,"id":5,"length":48.7608,"tipPosition":[-60.8502,439.437,-37.4981],"tipVelocity":[-708.185,-74.3303,-374.482],"tool":false}],"r":[[-0.0243947,-0.483096,0.875228],[0.987936,-0.145578,-0.0528177],[0.15293,0.86338,0.480819]],"s":2.26812,"t":[-111.273,-632.835,-856.473],"timestamp":549056195}|{"hands":[{"direction":[0.262747,0.668947,-0.692602],"id":10,"palmNormal":[0.0441164,-0.733494,-0.677918],"palmPosition":[-97.1847,364.754,28.7101],"palmVelocity":[-515.176,-96.1639,-193.569],"r":[[1,0,0],[0,1,0],[0,0,1]],"s":1,"sphereCenter":[-90.6421,435.303,46.4106],"sphereRadius":82.1298,"t":[-171.301,71.2478,-100.192]}],"id":63174,"pointables":[{"direction":[0.00839872,0.517911,-0.855393],"handId":10,"id":5,"length":49.1328,"tipPosition":[-66.6533,438.842,-40.6456],"tipVelocity":[-667.79,-68.4669,-362.199],"tool":false}],"r":[[-0.0243947,-0.483096,0.875228],[0.987936,-0.145578,-0.0528177],[0.15293,0.86338,0.480819]],"s":2.26812,"t":[-117.484,-633.59,-859.646],"timestamp":549064885}|{"hands":[{"direction":[0.258652,0.664795,-0.698348],"id":10,"palmNormal":[0.0488392,-0.739487,-0.670913],"palmPosition":[-101.269,362.919,28.2711],"palmVelocity":[-469.991,-211.106,-50.5188],"r":[[1,0,0],[0,1,0],[0,0,1]],"s":1,"sphereCenter":[-95.4869,433.54,44.7229],"sphereRadius":81.7343,"t":[-177,69.6947,-102.41]}],"id":63175,"pointables":[{"direction":[0.00101303,0.528182,-0.84913],"handId":10,"id":5,"length":49.6164,"tipPosition":[-71.8415,436.491,-41.9093],"tipVelocity":[-596.965,-270.511,-145.407],"tool":false}],"r":[[-0.0243947,-0.483096,0.875228],[0.987936,-0.145578,-0.0528177],[0.15293,0.86338,0.480819]],"s":2.26812,"t":[-123.183,-635.143,-861.865],"timestamp":549073576}|{"hands":[{"direction":[0.25348,0.659366,-0.705408],"id":10,"palmNormal":[0.0502723,-0.746615,-0.662734],"palmPosition":[-105.325,360.888,27.9412],"palmVelocity":[-466.673,-233.656,-37.9607],"r":[[1,0,0],[0,1,0],[0,0,1]],"s":1,"sphereCenter":[-100.317,433.365,43.3154],"sphereRadius":82.6251,"t":[-182.347,67.8405,-104.472]}],"id":63176,"pointables":[{"direction":[-0.00723926,0.530391,-0.847722],"handId":10,"id":5,"length":49.7823,"tipPosition":[-76.8356,434.335,-43.8136],"tipVelocity":[-574.693,-248.023,-219.137],"tool":false}],"r":[[-0.0243947,-0.483096,0.875228],[0.987936,-0.145578,-0.0528177],[0.15293,0.86338,0.480819]],"s":2.26812,"t":[-128.53,-636.997,-863.926],"timestamp":549082266}|{"hands":[{"direction":[0.251057,0.652621,-0.712566],"id":10,"palmNormal":[0.053496,-0.754766,-0.652968],"palmPosition":[-109.038,358.941,27.5296],"palmVelocity":[-427.237,-224.115,-47.3589],"r":[[1,0,0],[0,1,0],[0,0,1]],"s":1,"sphereCenter":[-105.252,431.195,41.0726],"sphereRadius":81.9489,"t":[-187.43,65.5444,-106.246]}],"id":63177,"pointables":[{"direction":[-0.0130361,0.520755,-0.853607],"handId":10,"id":5,"length":49.1355,"tipPosition":[-81.6538,431.597,-45.3002],"tipVelocity":[-554.393,-315.05,-171.044],"tool":false}],"r":[[-0.0243947,-0.483096,0.875228],[0.987936,-0.145578,-0.0528177],[0.15293,0.86338,0.480819]],"s":2.26812,"t":[-133.612,-639.293,-865.7],"timestamp":549090957}|{"hands":[{"direction":[0.245576,0.647315,-0.719324],"id":10,"palmNormal":[0.0550691,-0.760795,-0.645823],"palmPosition":[-112.782,357.447,26.7311],"palmVelocity":[-430.816,-171.872,-91.8734],"r":[[1,0,0],[0,1,0],[0,0,1]],"s":1,"sphereCenter":[-109.777,427.22,36.8848],"sphereRadius":79.4551,"t":[-192.401,63.2384,-108.047]}],"id":63178,"pointables":[{"direction":[-0.019996,0.512173,-0.85865],"handId":10,"id":5,"length":49.3413,"tipPosition":[-86.5141,429.282,-47.1297],"tipVelocity":[-559.229,-266.454,-210.512],"tool":false}],"r":[[-0.0243947,-0.483096,0.875228],[0.987936,-0.145578,-0.0528177],[0.15293,0.86338,0.480819]],"s":2.26812,"t":[-138.583,-641.599,-867.502],"timestamp":549099648}|{"hands":[{"direction":[0.241353,0.641087,-0.726323],"id":10,"palmNormal":[0.0550664,-0.767391,-0.637952],"palmPosition":[-116.331,355.697,26.0484],"palmVelocity":[-408.343,-201.325,-78.564],"r":[[1,0,0],[0,1,0],[0,0,1]],"s":1,"sphereCenter":[-113.99,423.075,33.0432],"sphereRadius":77.0929,"t":[-197.202,60.6484,-109.781]}],"id":63179,"pointables":[{"direction":[-0.0281,0.511828,-0.858628],"handId":10,"id":5,"length":49.4581,"tipPosition":[-91.1445,426.407,-48.7943],"tipVelocity":[-532.844,-330.742,-191.553],"tool":false}],"r":[[-0.0243947,-0.483096,0.875228],[0.987936,-0.145578,-0.0528177],[0.15293,0.86338,0.480819]],"s":2.26812,"t":[-143.384,-644.189,-869.235],"timestamp":549108338}|{"hands":[{"direction":[0.238608,0.631849,-0.735078],"id":10,"palmNormal":[0.0585667,-0.777348,-0.625053],"palmPosition":[-119.593,353.316,25.949],"palmVelocity":[-375.413,-273.987,-11.442],"r":[[1,0,0],[0,1,0],[0,0,1]],"s":1,"sphereCenter":[-118.31,421.84,32.2758],"sphereRadius":77.7133,"t":[-201.842,57.8848,-111.13]}],"id":63180,"pointables":[{"direction":[-0.0338748,0.498597,-0.866172],"handId":10,"id":5,"length":51.1437,"tipPosition":[-95.6249,423.47,-49.7589],"tipVelocity":[-515.523,-337.948,-110.991],"tool":false}],"r":[[-0.0243947,-0.483096,0.875228],[0.987936,-0.145578,-0.0528177],[0.15293,0.86338,0.480819]],"s":2.26812,"t":[-148.025,-646.953,-870.584],"timestamp":549117029}|{"hands":[{"direction":[0.23006,0.627601,-0.741382],"id":10,"palmNormal":[0.0630491,-0.781366,-0.619768],"palmPosition":[-122.827,351.349,25.869],"palmVelocity":[-372.143,-226.4,-9.20354],"r":[[1,0,0],[0,1,0],[0,0,1]],"s":1,"sphereCenter":[-122.451,419.864,30.7718],"sphereRadius":77.2224,"t":[-206.308,54.9895,-112.314]}],"id":63181,"pointables":[{"direction":[-0.0412818,0.492469,-0.869351],"handId":10,"id":5,"length":52.6858,"tipPosition":[-99.915,420.443,-50.7798],"tipVelocity":[-493.678,-348.331,-117.475],"tool":false}],"r":[[-0.0243947,-0.483096,0.875228],[0.987936,-0.145578,-0.0528177],[0.15293,0.86338,0.480819]],"s":2.26812,"t":[-152.49,-649.848,-871.768],"timestamp":549125719}|{"hands":[{"direction":[0.222182,0.620997,-0.749161],"id":10,"palmNormal":[0.0624168,-0.787748,-0.611742],"palmPosition":[-125.911,349.469,25.6844],"palmVelocity":[-354.792,-216.239,-21.2407],"r":[[1,0,0],[0,1,0],[0,0,1]],"s":1,"sphereCenter":[-126.362,418.66,29.8036],"sphereRadius":77.3226,"t":[-210.724,52.5075,-113.572]}],"id":63182,"pointables":[{"direction":[-0.0485261,0.500478,-0.864388],"handId":10,"id":5,"length":55.0529,"tipPosition":[-104.282,418.375,-52.1092],"tipVelocity":[-502.453,-238.038,-152.967],"tool":false}],"r":[[-0.0243947,-0.483096,0.875228],[0.987936,-0.145578,-0.0528177],[0.15293,0.86338,0.480819]],"s":2.26812,"t":[-156.906,-652.33,-873.026],"timestamp":549134410}|{"hands":[{"direction":[0.209812,0.617885,-0.755054],"id":10,"palmNormal":[0.0664698,-0.790266,-0.608254],"palmPosition":[-128.905,346.63,26.5811],"palmVelocity":[-344.575,-326.739,103.176],"r":[[1,0,0],[0,1,0],[0,0,1]],"s":1,"sphereCenter":[-129.29,411.391,25.6575],"sphereRadius":73.9385,"t":[-214.837,49.5709,-114.267]}],"id":63183,"pointables":[{"direction":[-0.0528823,0.476099,-0.8778],"handId":10,"id":5,"length":56.274,"tipPosition":[-108.092,414.983,-52.2429],"tipVelocity":[-438.425,-390.186,-15.3769],"tool":false}],"r":[[-0.0243947,-0.483096,