{"hands":[{"direction":[0.348994,0.336395,-0.874583],"id":7,"palmNormal":[0.172795,-0.940282,-0.293192],"palmPosition":[-49.1471,332.27,50.5167],"palmVelocity":[-17.5111,-0.144144,13.1296],"r":[[1,0,0],[0,1,0],[0,0,1]],"s":1,"sphereCenter":[-46.3898,337.581,6.92118],"sphereRadius":52.7949,"t":[134.885,-133.259,-180.53]}],"id":53773,"pointables":[{"direction":[0.024286,0.139288,-0.989954],"handId":7,"id":2,"length":56.0322,"tipPosition":[-19.3613,371.312,-41.1772],"tipVelocity":[-15.3164,3.42494,2.71626],"tool":false}],"r":[[0.0371341,-0.439586,0.897432],[0.597919,-0.709789,-0.372415],[0.800696,0.550421,0.236479]],"s":1.79819,"t":[76.0988,-488.969,-681.996],"timestamp":467364555}|{"hands":[{"direction":[0.348632,0.338605,-0.873871],"id":7,"palmNormal":[0.177032,-0.938936,-0.294874],"palmPosition":[-49.1892,332.434,50.1838],"palmVelocity":[-4.8344,18.9558,-38.2988],"r":[[1,0,0],[0,1,0],[0,0,1]],"s":1,"sphereCenter":[-46.311,338.354,6.95818],"sphereRadius":52.2955,"t":[134.748,-133.057,-180.69]}],"id":53774,"pointables":[{"direction":[0.0240091,0.141337,-0.98967],"handId":7,"id":2,"length":56.0344,"tipPosition":[-19.4909,371.603,-41.4491],"tipVelocity":[-14.9134,33.4533,-31.2896],"tool":false}],"r":[[0.0371341,-0.439586,0.897432],[0.597919,-0.709789,-0.372415],[0.800696,0.550421,0.236479]],"s":1.79819,"t":[75.9622,-488.766,-682.157],"timestamp":467373245}|{"hands":[{"direction":[0.345419,0.339258,-0.874872],"id":7,"palmNormal":[0.178152,-0.938566,-0.295413],"palmPosition":[-49.2442,332.616,49.9778],"palmVelocity":[-6.32884,20.8555,-23.707],"r":[[1,0,0],[0,1,0],[0,0,1]],"s":1,"sphereCenter":[-45.7687,336.087,5.70365],"sphereRadius":52.9968,"t":[134.617,-132.982,-180.663]}],"id":53775,"pointables":[{"direction":[0.0236961,0.140272,-0.989829],"handId":7,"id":2,"length":56.0433,"tipPosition":[-19.6164,371.551,-41.2348],"tipVelocity":[-14.4342,-5.99924,24.6558],"tool":false}],"r":[[0.0371341,-0.439586,0.897432],[0.597919,-0.709789,-0.372415],[0.800696,0.550421,0.236479]],"s":1.79819,"t":[75.8312,-488.691,-682.13],"timestamp":467381936}|{"hands":[{"direction":[0.345043,0.338759,-0.87523],"id":7,"palmNormal":[0.18136,-0.938716,-0.292921],"palmPosition":[-49.3454,332.662,50.0615],"palmVelocity":[-11.647,5.36403,9.63505],"r":[[1,0,0],[0,1,0],[0,0,1]],"s":1,"sphereCenter":[-45.8219,336.97,5.8877],"sphereRadius":52.5226,"t":[134.507,-132.927,-180.637]}],"id":53776,"pointables":[{"direction":[0.0229528,0.138598,-0.990083],"handId":7,"id":2,"length":56.0905,"tipPosition":[-19.7062,371.585,-41.2089],"tipVelocity":[-10.3413,3.98608,2.9768],"tool":false}],"r":[[0.0371341,-0.439586,0.897432],[0.597919,-0.709789,-0.372415],[0.800696,0.550421,0.236479]],"s":1.79819,"t":[75.7208,-488.636,-682.103],"timestamp":467390626}|{"hands":[{"direction":[0.346891,0.339528,-0.874201],"id":7,"palmNormal":[0.181668,-0.938455,-0.293609],"palmPosition":[-49.4019,332.794,49.9341],"palmVelocity":[-6.50479,15.1118,-14.6569],"r":[[1,0,0],[0,1,0],[0,0,1]],"s":1,"sphereCenter":[-45.677,335.884,5.21777],"sphereRadius":52.8613,"t":[134.412,-132.725,-180.604]}],"id":53777,"pointables":[{"direction":[0.0228182,0.137368,-0.990257],"handId":7,"id":2,"length":56.0473,"tipPosition":[-19.7859,371.935,-41.1697],"tipVelocity":[-9.17148,40.1747,4.51125],"tool":false}],"r":[[0.0371341,-0.439586,0.897432],[0.597919,-0.709789,-0.372415],[0.800696,0.550421,0.236479]],"s":1.79819,"t":[75.6257,-488.434,-682.071],"timestamp":467399317}|{"hands":[{"direction":[0.344723,0.340371,-0.874728],"id":7,"palmNormal":[0.17976,-0.93817,-0.295683],"palmPosition":[-49.4496,332.908,49.7807],"palmVelocity":[-5.48608,13.1399,-17.6577],"r":[[1,0,0],[0,1,0],[0,0,1]],"s":1,"sphereCenter":[-45.4955,334.595,4.4258],"sphereRadius":53.3181,"t":[134.32,-132.525,-180.818]}],"id":53778,"pointables":[{"direction":[0.0226727,0.138531,-0.990099],"handId":7,"id":2,"length":55.9897,"tipPosition":[-19.8747,372.133,-41.6315],"tipVelocity":[-10.2106,22.7968,-53.1368],"tool":false}],"r":[[0.0371341,-0.439586,0.897432],[0.597919,-0.709789,-0.372415],[0.800696,0.550421,0.236479]],"s":1.79819,"t":[75.5338,-488.234,-682.285],"timestamp":467408008}|{"hands":[{"direction":[0.346784,0.341222,-0.873578],"id":7,"palmNormal":[0.179604,-0.937918,-0.296611],"palmPosition":[-49.4921,333.016,49.6446],"palmVelocity":[-4.8879,12.4134,-15.6614],"r":[[1,0,0],[0,1,0],[0,0,1]],"s":1,"sphereCenter":[-45.3888,333.64,3.65227],"sphereRadius":53.7235,"t":[134.227,-132.403,-181.049]}],"id":53779,"pointables":[{"direction":[0.0220065,0.142516,-0.989548],"handId":7,"id":2,"length":56.0249,"tipPosition":[-19.9684,372.175,-41.8792],"tipVelocity":[-10.7854,4.84911,-28.5019],"tool":false}],"r":[[0.0371341,-0.439586,0.897432],[0.597919,-0.709789,-0.372415],[0.800696,0.550421,0.236479]],"s":1.79819,"t":[75.441,-488.113,-682.516],"timestamp":467416698}|{"hands":[{"direction":[0.347035,0.341285,-0.873469],"id":7,"palmNormal":[0.178792,-0.938055,-0.296693],"palmPosition":[-49.5409,333.02,49.5885],"palmVelocity":[-5.62207,0.51495,-6.45619],"r":[[1,0,0],[0,1,0],[0,0,1]],"s":1,"sphereCenter":[-45.3469,332.938,3.36809],"sphereRadius":53.8811,"t":[134.15,-132.453,-181.24]}],"id":53780,"pointables":[{"direction":[0.0220379,0.140566,-0.989826],"handId":7,"id":2,"length":56.0121,"tipPosition":[-20.0302,371.955,-42.0295],"tipVelocity":[-7.11163,-25.2812,-17.2872],"tool":false}],"r":[[0.0371341,-0.439586,0.897432],[0.597919,-0.709789,-0.372415],[0.800696,0.550421,0.236479]],"s":1.79819,"t":[75.3637,-488.162,-682.707],"timestamp":467425389}|{"hands":[{"direction":[0.34549,0.342627,-0.873557],"id":7,"palmNormal":[0.18078,-0.937288,-0.297903],"palmPosition":[-49.578,333.045,49.5127],"palmVelocity":[-4.26401,2.91093,-8.72428],"r":[[1,0,0],[0,1,0],[0,0,1]],"s":1,"sphereCenter":[-45.2766,332.243,2.81722],"sphereRadius":54.1821,"t":[134.072,-132.443,-181.11]}],"id":53781,"pointables":[{"direction":[0.0217915,0.142313,-0.989582],"handId":7,"id":2,"length":56.1352,"tipPosition":[-20.1077,372.024,-41.578],"tipVelocity":[-8.91466,7.91043,51.9497],"tool":false}],"r":[[0.0371341,-0.439586,0.897432],[0.597919,-0.709789,-0.372415],[0.800696,0.550421,0.236479]],"s":1.79819,"t":[75.2863,-488.153,-682.576],"timestamp":467434079}|{"hands":[{"direction":[0.343081,0.342233,-0.874652],"id":7,"palmNormal":[0.179531,-0.937619,-0.297634],"palmPosition":[-49.4949,333.291,49.2279],"palmVelocity":[9.55927,28.2947,-32.7694],"r":[[1,0,0],[0,1,0],[0,0,1]],"s":1,"sphereCenter":[-44.8886,332.314,3.03815],"sphereRadius":53.5559,"t":[134.003,-132.416,-181.187]}],"id":53782,"pointables":[{"direction":[0.0237381,0.140076,-0.989856],"handId":7,"id":2,"length":56.1763,"tipPosition":[-20.1688,372.069,-41.8626],"tipVelocity":[-7.03124,5.2159,-32.7412],"tool":false}],"r":[[0.0371341,-0.439586,0.897432],[0.597919,-0.709789,-0.372415],[0.800696,0.550421,0.236479]],"s":1.79819,"t":[75.217,-488.125,-682.654],"timestamp":467442770}|{"hands":[{"direction":[0.342603,0.341528,-0.875126],"id":7,"palmNormal":[0.18,-0.938016,-0.296101],"palmPosition":[-49.5779,333.281,49.2405],"palmVelocity":[-9.5545,-1.19196,1.44927],"r":[[1,0,0],[0,1,0],[0,0,1]],"s":1,"sphereCenter":[-45.2999,334.453,4.04372],"sphereRadius":52.8303,"t":[133.942,-132.291,-181.292]}],"id":53783,"pointables":[{"direction":[0.023437,0.143619,-0.989355],"handId":7,"id":2,"length":56.1133,"tipPosition":[-20.2221,372.29,-41.9958],"tipVelocity":[-6.13646,25.4076,-15.3279],"tool":false}],"r":[[0.0371341,-0.439586,0.897432],[0.597919,-0.709789,-0.372415],[0.800696,0.550421,0.236479]],"s":1.79819,"t":[75.1558,-488.001,-682.759],"timestamp":467451461}|{"hands":[{"direction":[0.343959,0.341184,-0.874735],"id":7,"palmNormal":[0.18262,-0.938101,-0.294188],"palmPosition":[-49.6943,333.124,49.5767],"palmVelocity":[-13.3876,-18.06,38.6897],"r":[[1,0,0],[0,1,0],[0,0,1]],"s":1,"sphereCenter":[-46.0599,337.219,5.97006],"sphereRadius":52.364,"t":[133.901,-132.355,-181.205]}],"id":53784,"pointables":[{"direction":[0.023586,0.140242,-0.989836],"handId":7,"id":2,"length":56.1253,"tipPosition":[-20.2429,372.039,-41.7177],"tipVelocity":[-2.39256,-28.89,32.0036],"tool":false}],"r":[[0.0371341,-0.439586,0.897432],[0.597919,-0.709789,-0.372415],[0.800696,0.550421,0.236479]],"s":1.79819,"t":[75.1147,-488.064,-682.672],"timestamp":467460151}|{"hands":[{"direction":[0.344084,0.341515,-0.874567],"id":7,"palmNormal":[0.180205,-0.938091,-0.29569],"palmPosition":[-49.732,333.124,49.4914],"palmVelocity":[-4.34505,-0.0320275,-9.81172],"r":[[1,0,0],[0,1,0],[0,0,1]],"s":1,"sphereCenter":[-45.9241,335.936,5.23977],"sphereRadius":52.7384,"t":[133.842,-132.414,-181.022]}],"id":53785,"pointables":[{"direction":[0.0231173,0.14024,-0.989848],"handId":7,"id":2,"length":56.1073,"tipPosition":[-20.3187,371.983,-41.4375],"tipVelocity":[-8.71673,-6.41667,32.2386],"tool":false}],"r":[[0.0371341,-0.439586,0.897432],[0.597919,-0.709789,-0.372415],[0.800696,0.550421,0.236479]],"s":1.79819,"t":[75.0563,-488.124,-682.489],"timestamp":467468842}|{"hands":[{"direction":[0.342525,0.341587,-0.875153],"id":7,"palmNormal":[0.182259,-0.937894,-0.295064],"palmPosition":[-49.786,333.175,49.4341],"palmVelocity":[-6.21173,5.92811,-6.5918],"r":[[1,0,0],[0,1,0],[0,0,1]],"s":1,"sphereCenter":[-45.8339,336.587,5.60494],"sphereRadius":52.2546,"t":[133.795,-132.495,-180.851]}],"id":53786,"pointables":[{"direction":[0.0227195,0.1414,-0.989692],"handId":7,"id":2,"length":56.0772,"tipPosition":[-20.3548,371.881,-41.2792],"tipVelocity":[-4.15539,-11.6977,18.2151],"tool":false}],"r":[[0.0371341,-0.439586,0.897432],[0.597919,-0.709789,-0.372415],[0.800696,0.550421,0.236479]],"s":1.79819,"t":[75.0091,-488.205,-682.318],"timestamp":467477532}|{"hands":[{"direction":[0.342806,0.341382,-0.875132],"id":7,"palmNormal":[0.183281,-0.93797,-0.294209],"palmPosition":[-49.8098,333.093,49.4024],"palmVelocity":[-2.7332,-9.51329,-3.64473],"r":[[1,0,0],[0,1,0],[0,0,1]],"s":1,"sphereCenter":[-45.3878,334.36,4.57302],"sphereRadius":53.0453,"t":[133.75,-132.588,-180.704]}],"id":53787,"pointables":[{"direction":[0.0226045,0.138562,-0.990096],"handId":7,"id":2,"length":56.0534,"tipPosition":[-20.3969,371.777,-41.1552],"tipVelocity":[-4.85288,-12.0047,14.2709],"tool":false}],"r":[[0.0371341,-0.439586,0.897432],[0.597919,-0.709789,-0.372415],[0.800696,0.550421,0.236479]],"s":1.79819,"t":[74.9643,-488.297,-682.171],"timestamp":467486223}|{"hands":[{"direction":[0.342903,0.341485,-0.875061],"id":7,"palmNormal":[0.18187,-0.938022,-0.294928],"palmPosition":[-49.8384,333.017,49.3636],"palmVelocity":[-3.29104,-8.75427,-4.46796],"r":[[1,0,0],[0,1,0],[0,0,1]],"s":1,"sphereCenter":[-45.7197,334.487,4.45356],"sphereRadius":53.0218,"t":[133.704,-132.571,-180.811]}],"id":53788,"pointables":[{"direction":[0.0223484,0.141461,-0.989692],"handId":7,"id":2,"length":56.0469,"tipPosition":[-20.4443,371.902,-41.5171],"tipVelocity":[-5.44856,14.3337,-41.6406],"tool":false}],"r":[[0.0371341,-0.439586,0.897432],[0.597919,-0.709789,-0.372415],[0.800696,0.550421,0.236479]],"s":1.79819,"t":[74.9183,-488.281,-682.278],"timestamp":467494914}|{"hands":[{"direction":[0.345055,0.340894,-0.874437],"id":7,"palmNormal":[0.182237,-0.938378,-0.293577],"palmPosition":[-49.8947,332.956,49.4986],"palmVelocity":[-6.48681,-6.91741,15.535],"r":[[1,0,0],[0,1,0],[0,0,1]],"s":1,"sphereCenter":[-45.5357,333.552,3.75502],"sphereRadius":53.2731,"t":[133.664,-132.533,-181.012]}],"id":53789,"pointables":[{"direction":[0.0217815,0.144497,-0.989265],"handId":7,"id":2,"length":56.0093,"tipPosition":[-20.4786,371.963,-41.811],"tipVelocity":[-3.94827,7.02617,-33.8246],"tool":false}],"r":[[0.0371341,-0.439586,0.897432],[0.597919,-0.709789,-0.372415],[0.800696,0.550421,0.236479]],"s":1.79819,"t":[74.8781,-488.243,-682.478],"timestamp":467503604}|{"hands":[{"direction":[0.343458,0.341598,-0.874789],"id":7,"palmNormal":[0.182378,-0.937946,-0.294877],"palmPosition":[-49.9462,333.036,49.4187],"palmVelocity":[-5.9215,9.16737,-9.1918],"r":[[1,0,0],[0,1,0],[0,0,1]],"s":1,"sphereCenter":[-45.6148,334.777,4.40837],"sphereRadius":52.6959,"t":[133.631,-132.479,-181.269]}],"id":53790,"pointables":[{"direction":[0.0216062,0.148004,-0.988751],"handId":7,"id":2,"length":55.9284,"tipPosition":[-20.5057,372.032,-42.1259],"tipVelocity":[-3.1191,7.98851,-36.2339],"tool":false}],"r":[[0.0371341,-0.439586,0.897432],[0.597919,-0.709789,-0.372415],[0.800696,0.550421,0.236479]],"s":1.79819,"t":[74.8445,-488.189,-682.736],"timestamp":467512295}|{"hands":[{"direction":[0.342957,0.341699,-0.874954],"id":7,"palmNormal":[0.183097,-0.937853,-0.294742],"palmPosition":[-49.9542,332.976,49.3669],"palmVelocity":[-0.914016,-6.91368,-5.96751],"r":[[1,0,0],[0,1,0],[0,0,1]],"s":1,"sphereCenter":[-45.4979,333.531,3.5772],"sphereRadius":53.2774,"t":[133.586,-132.525,-181.214]}],"id":53791,"pointables":[{"direction":[0.020811,0.153699,-0.987899],"handId":7,"id":2,"length":55.9365,"tipPosition":[-20.5621,371.885,-41.758],"tipVelocity":[-6.48868,-16.8934,42.3409],"tool":false}],"r":[[0.0371341,-0.439586,0.897432],[0.597919,-0.709789,-0.372415],[0.800696,0.550421,0.236479]],"s":1.79819,"t":[74.7995,-488.235,-682.681],"timestamp":467520985}|{"hands":[{"direction":[0.341996,0.341715,-0.875328],"id":7,"palmNormal":[0.183499,-0.937808,-0.294648],"palmPosition":[-49.9874,332.996,49.3585],"palmVelocity":[-3.82447,2.3528,-0.961884],"r":[[1,0,0],[0,1,0],[0,0,1]],"s":1,"sphereCenter":[-45.4132,332.717,3.23383],"sphereRadius":53.5872,"t":[133.536,-132.562,-181.132]}],"id":53792,"pointables":[{"direction":[0.0204644,0.15367,-0.98791],"handId":7,"id":2,"length":55.9272,"tipPosition":[-20.6162,371.857,-41.6485],"tipVelocity":[-6.22657,-3.21496,12.5994],"tool":false}],"r":[[0.0371341,-0.439586,0.897432],[0.597919,-0.709789,-0.372415],[0.800696,0.550421,0.236479]],"s":1.79819,"t":[74.7499,-488.272,-682.599],"timestamp":467529676}|{"hands":[{"direction":[0.342586,0.341454,-0.875204],"id":7,"palmNormal":[0.183777,-0.93796,-0.293999],"palmPosition":[-50.0225,333.026,49.3731],"palmVelocity":[-4.03426,3.34584,1.68096],"r":[[1,0,0],[0,1,0],[0,0,1]],"s":1,"sphereCenter":[-45.2223,331.645,2.78804],"sphereRadius":53.9665,"t":[133.496,-132.558,-181.259]}],"id":53793,"pointables":[{"direction":[0.0201954,0.155565,-0.987619],"handId":7,"id":2,"length":55.9569,"tipPosition":[-20.646,371.904,-41.9844],"tipVelocity":[-3.42331,5.29908,-38.6517],"tool":false}],"r":[[0.0371341,-0.439586,0.897432],[0.597919,-0.709789,-0.372415],[0.800696,0.550421,0.236479]],"s":1.79819,"t":[74.7103,-488.268,-682.726],"timestamp":467538367}|{"hands":[{"direction":[0.343096,0.340424,-0.875407],"id":7,"palmNormal":[0.182381,-0.938579,-0.292881],"palmPosition":[-50.1132,332.953,49.7106],"palmVelocity":[-10.4486,-8.29479,38.8338],"r":[[1,0,0],[0,1,0],[0,0,1]],"s":1,"sphereCenter":[-45.8593,332.83,3.67469],"sphereRadius":53.8137,"t":[133.451,-132.593,-181.135]}],"id":53794,"pointables":[{"direction":[0.0201939,0.153139,-0.987998],"handId":7,"id":2,"length":55.9359,"tipPosition":[-20.6971,371.83,-41.6091],"tipVelocity":[-5.87888,-8.47174,43.1838],"tool":false}],"r":[[0.0371341,-0.439586,0.897432],[0.597919,-0.709789,-0.372415],[0.800696,0.550421,0.236479]],"s":1.79819,"t":[74.6649,-488.302,-682.601],"timestamp":467547057}|{"hands":[{"direction":[0.345705,0.339346,-0.87478],"id":7,"palmNormal":[0.18228,-0.93916,-0.291066],"palmPosition":[-50.1478,332.944,49.6483],"palmVelocity":[-3.97992,-1.12821,-7.16651],"r":[[1,0,0],[0,1,0],[0,0,1]],"s":1,"sphereCenter":[-45.8648,333.971,4.32084],"sphereRadius":53.1039,"t":[133.414,-132.739,-181.026]}],"id":53795,"pointables":[{"direction":[0.0199015,0.150223,-0.988452],"handId":7,"id":2,"length":55.9529,"tipPosition":[-20.7259,371.572,-41.5157],"tipVelocity":[-3.31543,-29.7256,10.7507],"tool":false}],"r":[[0.0371341,-0.439586,0.897432],[0.597919,-0.709789,-0.372415],[0.800696,0.550421,0.236479]],"s":1.79819,"t":[74.6278,-488.449,-682.493],"timestamp":467555748}|{"hands":[{"direction":[0.345098,0.338903,-0.875197],"id":7,"palmNormal":[0.179537,-0.939448,-0.291812],"palmPosition":[-50.2143,332.852,49.9162],"palmVelocity":[-7.64427,-10.5661,30.8264],"r":[[1,0,0],[0,1,0],[0,0,1]],"s":1,"sphereCenter":[-46.2752,334.255,4.70939],"sphereRadius":53.2176,"t":[133.367,-132.842,-180.886]}],"id":53796,"pointables":[{"direction":[0.019248,0.151707,-0.988238],"handId":7,"id":2,"length":55.8987,"tipPosition":[-20.7821,371.512,-41.3453],"tipVelocity":[-6.47497,-6.80616,19.6063],"tool":false}],"r":[[0.0371341,-0.439586,0.897432],[0.597919,-0.709789,-0.372415],[0.800696,0.550421,0.236479]],"s":1.79819,"t":[74.5811,-488.552,-682.353],"timestamp":467564438}|{"hands":[{"direction":[0.345474,0.337674,-0.875526],"id":7,"palmNormal":[0.181019,-0.939892,-0.289434],"palmPosition":[-50.2666,332.779,50.1582],"palmVelocity":[-6.0188,-8.34641,27.8477],"r":[[1,0,0],[0,1,0],[0,0,1]],"s":1,"sphereCenter":[-46.6534,334.747,5.21926],"sphereRadius":53.1955,"t":[133.329,-133.04,-180.722]}],"id":53797,"pointables":[{"direction":[0.0192654,0.149823,-0.988525],"handId":7,"id":2,"length":55.8654,"tipPosition":[-20.8122,371.22,-41.1567],"tipVelocity":[-3.45554,-33.6832,21.7015],"tool":false}],"r":[[0.0371341,-0.439586,0.897432],[0.597919,-0.709789,-0.372415],[0.800696,0.550421,0.236479]],"s":1.79819,"t":[74.5428,-488.749,-682.189],"timestamp":467573129}|{"hands":[{"direction":[0.345611,0.337281,-0.87563],"id":7,"palmNormal":[0.178176,-0.940152,-0.290329],"palmPosition":[-50.2754,332.771,49.9638],"palmVelocity":[-1.0107,-0.981349,-22.3727],"r":[[1,0,0],[0,1,0],[0,0,1]],"s":1,"sphereCenter":[-47.2108,337.354,6.15786],"sphereRadius":52.5233,"t":[133.268,-132.88,-180.84]}],"id":53798,"pointables":[{"direction":[0.0179657,0.158163,-0.987249],"handId":7,"id":2,"length":55.9071,"tipPosition":[-20.8951,371.738,-41.5563],"tipVelocity":[-9.54664,59.6016,-45.9822],"tool":false}],"r":[[0.0371341,-0.439586,0.897432],[0.597919,-0.709789,-0.372415],[0.800696,0.550421,0.236479]],"s":1.79819,"t":[74.4821,-488.589,-682.307],"timestamp":467581820}|{"hands":[{"direction":[0.347346,0.337544,-0.874838],"id":7,"palmNormal":[0.179215,-0.939922,-0.290461],"palmPosition":[-50.3143,332.728,50.1519],"palmVelocity":[-4.4802,-4.87915,21.6454],"r":[[1,0,0],[0,1,0],[0,0,1]],"s":1,"sphereCenter":[-46.8247,335.925,5.39212],"sphereRadius":52.8881,"t":[133.223,-132.875,-180.776]}],"id":53799,"pointables":[{"direction":[0.0177742,0.158168,-0.987252],"handId":7,"id":2,"length":55.848,"tipPosition":[-20.9239,371.586,-41.3102],"tipVelocity":[-3.31457,-17.4384,28.3242],"tool":false}],"r":[[0.0371341,-0.439586,0.897432],[0.597919,-0.709789,-0.372415],[0.800696,0.550421,0.236479]],"s":1.79819,"t":[74.4374,-488.585,-682.242],"timestamp":467590510}|{"hands":[{"direction":[0.346989,0.33846,-0.874629],"id":7,"palmNormal":[0.182264,-0.939189,-0.290903],"palmPosition":[-50.2785,332.712,49.8952],"palmVelocity":[4.11355,-1.85375,-29.5356],"r":[[1,0,0],[0,1,0],[0,0,1]],"s":1,"sphereCenter":[-47.4313,338.379,6.07977],"sphereRadius":52.3951,"t":[133.176,-132.765,-180.706]}],"id":53800,"pointables":[{"direction":[0.0171312,0.160637,-0.986865],"handId":7,"id":2,"length":55.9196,"tipPosition":[-20.9744,371.802,-41.2344],"tipVelocity":[-5.81047,24.7995,8.71837],"tool":false}],"r":[[0.0371341,-0.439586,0.897432],[0.597919,-0.709789,-0.372415],[0.800696,0.550421,0.236479]],"s":1.79819,"t":[74.3897,-488.475,-682.172],"timestamp":467599201}|{"hands":[{"direction":[0.349281,0.338482,-0.873696],"id":7,"palmNormal":[0.182072,-0.939254,-0.290848],"palmPosition":[-50.3111,332.609,50.0895],"palmVelocity":[-3.75027,-11.8419,22.3691],"r":[[1,0,0],[0,1,0],[0,0,1]],"s":1,"sphereCenter":[-47.5372,337.863,6.22493],"sphereRadius":52.5772,"t":[133.164,-132.901,-180.611]}],"id":53801,"pointables":[{"direction":[0.016706,0.161066,-0.986802],"handId":7,"id":2,"length":55.8654,"tipPosition":[-20.951,371.421,-41.116],"tipVelocity":[2.70137,-43.8372,13.6317],"tool":false}],"r":[[0.0371341,-0.439586,0.897432],[0.597919,-0.709789,-0.372415],[0.800696,0.550421,0.236479]],"s":1.79819,"t":[74.3777,-488.611,-682.078],"timestamp":467607891}|{"hands":[{"direction":[0.352717,0.339461,-0.871894],"id":7,"palmNormal":[0.183491,-0.938772,-0.291521],"palmPosition":[-50.2622,332.63,49.8768],"palmVelocity":[5.63345,2.40639,-24.4793],"r":[[1,0,0],[0,1,0],[0,0,1]],"s":1,"sphereCenter":[-47.1782,336.32,5.2085],"sphereRadius":53.0161,"t":[133.156,-132.897,-180.783]}],"id":53802,"pointables":[{"direction":[0.0159195,0.165767,-0.986036],"handId":7,"id":2,"length":55.8599,"tipPosition":[-20.9549,371.565,-41.5526],"tipVelocity":[-0.456714,16.5571,-50.235],"tool":false}],"r":[[0.0371341,-0.439586,0.897432],[0.597919,-0.709789,-0.372415],[0.800696,0.550421,0.236479]],"s":1.79819,"t":[74.3697,-488.606,-682.249],"timestamp":467616582}|{"hands":[{"direction":[0.353486,0.339929,-0.871412],"id":7,"palmNormal":[0.184338,-0.938534,-0.291771],"palmPosition":[-50.2364,332.575,49.7431],"palmVelocity":[2.96077,-6.4136,-15.3869],"r":[[1,0,0],[0,1,0],[0,0,1]],"s":1,"sphereCenter":[-47.2275,336.043,4.94326],"sphereRadius":53.0063,"t":[133.163,-132.878,-180.851]}],"id":53803,"pointables":[{"direction":[0.0155567,0.168192,-0.985631],"handId":7,"id":2,"length":55.8823,"tipPosition":[-20.9317,371.597,-41.518],"tipVelocity":[2.6685,3.74816,3.97188],"tool":false}],"r":[[0.0371341,-0.439586,0.897432],[0.597919,-0.709789,-0.372415],[0.800696,0.550421,0.236479]],"s":1.79819,"t":[74.3772,-488.588,-682.318],"timestamp":467625273}|{"hands":[{"direction":[0.357561,0.338395,-0.870298],"id":7,"palmNormal":[0.183804,-0.939474,-0.289039],"palmPosition":[-50.2627,332.462,49.9712],"palmVelocity":[-3.02077,-13.0103,26.2551],"r":[[1,0,0],[0,1,0],[0,0,1]],"s":1,"sphereCenter":[-47.6627,336.748,5.5692],"sphereRadius":52.9523,"t":[133.197,-132.991,-180.79]}],"id":53804,"pointables":[{"direction":[0.0155572,0.169244,-0.985451],"handId":7,"id":2,"length":55.868,"tipPosition":[-20.8726,371.354,-41.3282],"tipVelocity":[6.80654,-28.0068,21.8496],"tool":false}],"r":[[0.0371341,-0.439586,0.897432],[0.597919,-0.709789,-0.372415],[0.800696,0.550421,0.236479]],"s":1.79819,"t":[74.4106,-488.701,-682.257],"timestamp":467633963}|{"hands":[{"direction":[0.357028,0.338063,-0.870665],"id":7,"palmNormal":[0.184394,-0.939545,-0.288456],"palmPosition":[-50.3,332.349,50.1961],"palmVelocity":[-4.28959,-12.9379,25.8768],"r":[[1,0,0],[0,1,0],[0,0,1]],"s":1,"sphereCenter":[-47.1203,335.042,4.76496],"sphereRadius":53.3459,"t":[133.224,-133.076,-180.722]}],"id":53805,"pointables":[{"direction":[0.0153447,0.171467,-0.98507],"handId":7,"id":2,"length":55.8992,"tipPosition":[-20.8506,371.296,-41.253],"tipVelocity":[2.53671,-6.6078,8.65295],"tool":false}],"r":[[0.0371341,-0.439586,0.897432],[0.597919,-0.709789,-0.372415],[0.800696,0.550421,0.236479]],"s":1.79819,"t":[74.4383,-488.785,-682.189],"timestamp":467642654}|{"hands":[{"direction":[0.354386,0.337349,-0.87201],"id":7,"palmNormal":[0.182521,-0.939891,-0.288521],"palmPosition":[-50.2724,332.361,50.0119],"palmVelocity":[3.17621,1.41444,-21.1957],"r":[[1,0,0],[0,1,0],[0,0,1]],"s":1,"sphereCenter":[-47.0451,334.499,4.20772],"sphereRadius":53.4668,"t":[133.246,-133.092,-180.903]}],"id":53806,"pointables":[{"direction":[0.0149695,0.176769,-0.984139],"handId":7,"id":2,"length":55.936,"tipPosition":[-20.8358,371.348,-41.6823],"tipVelocity":[1.6952,5.93357,-49.408],"tool":false}],"r":[[0.0371341,-0.439586,0.897432],[0.597919,-0.709789,-0.372415],[0.800696,0.550421,0.236479]],"s":1.79819,"t":[74.4595,-488.802,-682.37],"timestamp":467651344}|{"hands":[{"direction":[0.35406,0.336608,-0.872445],"id":7,"palmNormal":[0.182365,-0.940201,-0.287619],"palmPosition":[-50.2838,332.349,50.0798],"palmVelocity":[-1.31803,-1.4305,7.81461],"r":[[1,0,0],[0,1,0],[0,0,1]],"s":1,"sphereCenter":[-47.3395,334.742,4.30042],"sphereRadius":53.4405,"t":[133.233,-132.914,-181.173]}],"id":53807,"pointables":[{"direction":[0.0148668,0.179661,-0.983616],"handId":7,"id":2,"length":55.9833,"tipPosition":[-20.8825,371.721,-42.0417],"tipVelocity":[-5.37597,42.9674,-41.3555],"tool":false}],"r":[[0.0371341,-0.439586,0.897432],[0.597919,-0.709789,-0.372415],[0.800696,0.550421,0.236479]],"s":1.79819,"t":[74.4468,-488.624,-682.64],"timestamp":467660035}|{"hands":[{"direction":[0.350046,0.335985,-0.87426],"id":7,"palmNormal":[0.183824,-0.940196,-0.286708],"palmPosition":[-50.3292,332.292,50.2146],"palmVelocity":[-5.22654,-6.56686,15.5023],"r":[[1,0,0],[0,1,0],[0,0,1]],"s":1,"sphereCenter":[-47.4852,336.411,5.55068],"sphereRadius":52.9033,"t":[133.201,-132.897,-181.129]}],"id":53808,"pointables":[{"direction":[0.0146569,0.177114,-0.984081],"handId":7,"id":2,"length":55.9967,"tipPosition":[-20.9346,371.576,-41.6837],"tipVelocity":[-5.98402,-16.6904,41.1965],"tool":false}],"r":[[0.0371341,-0.439586,0.897432],[0.597919,-0.709789,-0.372415],[0.800696,0.550421,0.236479]],"s":1.79819,"t":[74.4144,-488.607,-682.596],"timestamp":467668726}|{"hands":[{"direction":[0.349758,0.335164,-0.874711],"id":7,"palmNormal":[0.181909,-0.940648,-0.28644],"palmPosition":[-50.3763,332.28,50.3044],"palmVelocity":[-5.41726,-1.32844,10.3411],"r":[[1,0,0],[0,1,0],[0,0,1]],"s":1,"sphereCenter":[-47.6804,338.144,6.28704],"sphereRadius":52.2714,"t":[133.163,-132.907,-180.969]}],"id":53809,"pointables":[{"direction":[0.0145707,0.178645,-0.983806],"handId":7,"id":2,"length":56.0114,"tipPosition":[-20.9776,371.541,-41.4069],"tipVelocity":[-4.95639,-4.04844,31.8509],"tool":false}],"r":[[0.0371341,-0.439586,0.897432],[0.597919,-0.709789,-0.372415],[0.800696,0.550421,0.236479]],"s":1.79819,"t":[74.3767,-488.616,-682.435],"timestamp":467677416}|{"hands":[{"direction":[0.349918,0.336325,-0.874216],"id":7,"palmNormal":[0.18088,-0.94006,-0.288986],"palmPosition":[-50.3713,332.357,50.087],"palmVelocity":[0.578485,8.86371,-25.0217],"r":[[1,0,0],[0,1,0],[0,0,1]],"s":1,"sphereCenter":[-47.8161,337.858,5.73148],"sphereRadius":52.4468,"t":[133.116,-132.85,-180.832]}],"id":53810,"pointables":[{"direction":[0.0140551,0.181219,-0.983342],"handId":7,"id":2,"length":56.073,"tipPosition":[-21.0334,371.663,-41.2933],"tipVelocity":[-6.41468,14.067,13.0705],"tool":false}],"r":[[0.0371341,-0.439586,0.897432],[0.597919,-0.709789,-0.372415],[0.800696,0.550421,0.236479]],"s":1.79819,"t":[74.3299,-488.56,-682.298],"timestamp":467686107}|{"hands":[{"direction":[0.350726,0.335065,-0.874387],"id":7,"palmNormal":[0.178941,-0.940803,-0.287765],"palmPosition":[-50.4389,332.337,50.286],"palmVelocity":[-7.77463,-2.32213,22.9045],"r":[[1,0,0],[0,1,0],[0,0,1]],"s":1,"sphereCenter":[-48.1506,338.159,6.16507],"sphereRadius":52.5309,"t":[133.068,-132.894,-180.696]}],"id":53811,"pointables":[{"direction":[0.0136102,0.182908,-0.983036],"handId":7,"id":2,"length":56.0483,"tipPosition":[-21.0835,371.519,-41.1599],"tipVelocity":[-5.76978,-16.6412,15.3562],"tool":false}],"r":[[0.0371341,-0.439586,0.897432],[0.597919,-0.709789,-0.372415],[0.800696,0.550421,0.236479]],"s":1.79819,"t":[74.2815,-488.604,-682.163],"timestamp":467694797}|{"hands":[{"direction":[0.347323,0.33504,-0.87573],"id":7,"palmNormal":[0.180284,-0.940559,-0.28774],"palmPosition":[-50.5038,332.382,50.4474],"palmVelocity":[-7.46924,5.13342,18.5647],"r":[[1,0,0],[0,1,0],[0,0,1]],"s":1,"sphereCenter":[-48.2207,337.761,6.25492],"sphereRadius":52.7194,"t":[133.012,-132.896,-180.555]}],"id":53812,"pointables":[{"direction":[0.0135198,0.181329,-0.98333],"handId":7,"id":2,"length":56.0567,"tipPosition":[-21.1455,371.559,-41.013],"tipVelocity":[-7.13138,4.65986,16.8959],"tool":false}],"r":[[0.0371341,-0.439586,0.897432],[0.597919,-0.709789,-0.372415],[0.800696,0.550421,0.236479]],"s":1.79819,"t":[74.2263,-488.606,-682.022],"timestamp":467703488}|{"hands":[{"direction":[0.348742,0.335774,-0.874895],"id":7,"palmNormal":[0.181433,-0.940137,-0.288407],"palmPosition":[-50.5617,332.435,50.468],"palmVelocity":[-6.66563,6.1476,2.37375],"r":[[1,0,0],[0,1,0],[0,0,1]],"s":1,"sphereCenter":[-48.5083,339.635,7.39081],"sphereRadius":52.3511,"t":[132.93,-132.832,-180.533]}],"id":53813,"pointables":[{"direction":[0.0131821,0.180732,-0.983444],"handId":7,"id":2,"length":56.0318,"tipPosition":[-21.2551,371.689,-41.1088],"tipVelocity":[-12.6079,14.878,-11.0242],"tool":false}],"r":[[0.0371341,-0.439586,0.897432],[0.597919,-0.709789,-0.372415],[0.800696,0.550421,0.236479]],"s":1.79819,"t":[74.1439,-488.542,-681.999],"timestamp":467712179}|{"hands":[{"direction":[0.347821,0.337447,-0.874624],"id":7,"palmNormal":[0.183125,-0.939161,-0.290484],"palmPosition":[-50.5875,332.491,50.3482],"palmVelocity":[-2.96754,6.40846,-13.7801],"r":[[1,0,0],[0,1,0],[0,0,1]],"s":1,"sphereCenter":[-48.4923,339.182,6.93226],"sphereRadius":52.4378,"t":[132.839,-132.672,-180.4]}],"id":53814,"pointables":[{"direction":[0.0127078,0.184325,-0.982783],"handId":7,"id":2,"length":56.0621,"tipPosition":[-21.3549,371.945,-40.8662],"tipVelocity":[-11.4903,29.4903,27.9248],"tool":false}],"r":[[0.0371341,-0.439586,0.897432],[0.597919,-0.709789,-0.372415],[0.800696,0.550421,0.236479]],"s":1.79819,"t":[74.0528,-488.382,-681.867],"timestamp":467720869}|{"hands":[{"direction":[0.348564,0.338335,-0.873997],"id":7,"palmNormal":[0.184691,-0.938714,-0.290949],"palmPosition":[-50.4594,332.817,50.0052],"palmVelocity":[14.7349,37.4808,-39.4665],"r":[[1,0,0],[0,1,0],[0,0,1]],"s":1,"sphereCenter":[-48.8492,339.41,7.19151],"sphereRadius":52.3559,"t":[132.751,-132.488,-180.402]}],"id":53815,"pointables":[{"direction":[0.014675,0.181393,-0.983301],"handId":7,"id":2,"length":56.0855,"tipPosition":[-21.4404,372.154,-41.0024],"tipVelocity":[-9.83976,24.1143,-15.6766],"tool":false}],"r":[[0.0371341,-0.439586,0.897432],[0.597919,-0.709789,-0.372415],[0.800696,0.550421,0.236479]],"s":1.79819,"t":[73.9645,-488.197,-681.869],"timestamp":467729560}|{"hands":[{"direction":[0.349835,0.338588,-0.8734],"id":7,"palmNormal":[0.18567,-0.938655,-0.290533],"palmPosition":[-50.5566,332.791,50.1684],"palmVelocity":[-11.1776,-2.9033,18.7742],"r":[[1,0,0],[0,1,0],[0,0,1]],"s":1,"sphereCenter":[-48.8822,339.001,6.93155],"sphereRadius":52.6439,"t":[132.68,-132.37,-180.38]}],"id":53816,"pointables":[{"direction":[0.0141546,0.182622,-0.983081],"handId":7,"id":2,"length":56.1247,"tipPosition":[-21.4938,372.205,-40.956],"tipVelocity":[-6.13763,5.87191,5.33748],"tool":false}],"r":[[0.0371341,-0.439586,0.897432],[0.597919,-0.709789,-0.372415],[0.800696,0.550421,0.236479]],"s":1.79819,"t":[73.8936,-488.079,-681.846],"timestamp":467738250}|{"hands":[{"direction":[0.351357,0.339086,-0.872599],"id":7,"palmNormal":[0.185851,-0.938518,-0.290874],"palmPosition":[-50.586,332.83,49.9838],"palmVelocity":[-3.38567,4.47771,-21.2421],"r":[[1,0,0],[0,1,0],[0,0,1]],"s":1,"sphereCenter":[-48.715,338.153,5.9961],"sphereRadius":52.8536,"t":[132.627,-132.228,-180.381]}],"id":53817,"pointables":[{"direction":[0.013235,0.188756,-0.981935],"handId":7,"id":2,"length":56.1912,"tipPosition":[-21.5285,372.372,-40.9804],"tipVelocity":[-3.99176,19.1203,-2.80112],"tool":false}],"r":[[0.0371341,-0.439586,0.897432],[0.597919,-0.709789,-0.372415],[0.800696,0.550421,0.236479]],"s":1.79819,"t":[73.8409,-487.937,-681.847],"timestamp":467746941}|{"hands":[{"direction":[0.352026,0.339112,-0.872331],"id":7,"palmNormal":[0.183945,-0.938714,-0.291448],"palmPosition":[-50.7013,332.841,50.2383],"palmVelocity":[-13.2733,1.23211,29.2865],"r":[[1,0,0],[0,1,0],[0,0,1]],"s":1,"sphereCenter":[-48.9771,338.639,6.44361],"sphereRadius":52.8786,"t":[132.597,-132.267,-180.355]}],"id":53818,"pointables":[{"direction":[0.0130673,0.187919,-0.982098],"handId":7,"id":2,"length":56.1455,"tipPosition":[-21.5353,372.15,-40.9283],"tipVelocity":[-0.790259,-25.4916,5.99126],"tool":false}],"r":[[0.0371341,-0.439586,0.897432],[0.597919,-0.709789,-0.372415],[0.800696,0.550421,0.236479]],"s":1.79819,"t":[73.8111,-487.977,-681.822],"timestamp":467755632}|{"hands":[{"direction":[0.352218,0.33863,-0.872451],"id":7,"palmNormal":[0.181783,-0.939143,-0.29141],"palmPosition":[-50.7709,332.851,50.3539],"palmVelocity":[-8.00389,1.15563,13.3076],"r":[[1,0,0],[0,1,0],[0,0,1]],"s":1,"sphereCenter":[-49.0542,338.518,6.35061],"sphereRadius":53.0361,"t":[132.578,-132.29,-180.339]}],"id":53819,"pointables":[{"direction":[0.012781,0.188692,-0.981953],"handId":7,"id":2,"length":56.1963,"tipPosition":[-21.5441,372.144,-40.9211],"tipVelocity":[-1.01038,-0.685925,0.831301],"tool":false}],"r":[[0.0371341,-0.439586,0.897432],[0.597919,-0.709789,-0.372415],[0.800696,0.550421,0.236479]],"s":1.79819,"t":[73.7918,-488,-681.805],"timestamp":467764322}|{"hands":[{"direction":[0.350664,0.338574,-0.873099],"id":7,"palmNormal":[0.1825,-0.9391,-0.291116],"palmPosition":[-50.8105,332.825,50.4052],"palmVelocity":[-4.55448,-3.00746,5.90152],"r":[[1,0,0],[0,1,0],[0,0,1]],"s":1,"sphereCenter":[-48.6502,337.4,5.57993],"sphereRadius":53.1991,"t":[132.545,-132.195,-180.374]}],"id":53820,"pointables":[{"direction":[0.0125958,0.190379,-0.98163],"handId":7,"id":2,"length":56.1517,"tipPosition":[-21.5901,372.358,-41.0085],"tipVelocity":[-5.29625,24.6395,-10.0567],"tool":false}],"r":[[0.0371341,-0.439586,0.897432],[0.597919,-0.709789,-0.372415],[0.800696,0.550421,0.236479]],"s":1.79819,"t":[73.7591,-487.904,-681.841],"timestamp":467773013}|{"hands":[{"direction":[0.34839,0.33612,-0.874922],"id":7,"palmNormal":[0.179904,-0.940405,-0.288437],"palmPosition":[-50.8906,332.85,50.5089],"palmVelocity":[-9.21721,2.85197,11.9298],"r":[[1,0,0],[0,1,0],[0,0,1]],"s":1,"sphereCenter":[-48.8783,337.62,5.69135],"sphereRadius":53.271,"t":[132.496,-132.16,-180.413]}],"id":53821,"pointables":[{"direction":[0.0120152,0.190272,-0.981658],"handId":7,"id":2,"length":56.1723,"tipPosition":[-21.6564,372.331,-41.0514],"tipVelocity":[-7.62664,-3.10481,-4.93495],"tool":false}],"r":[[0.0371341,-0.439586,0.897432],[0.597919,-0.709789,-0.372415],[0.800696,0.550421,0.236479]],"s":1.79819,"t":[73.7096,-487.87,-681.88],"timestamp":467781703}|{"hands":[{"direction":[0.35005,0.337049,-0.873903],"id":7,"palmNormal":[0.17957,-0.939938,-0.290177],"palmPosition":[-50.9466,332.893,50.5029],"palmVelocity":[-6.44789,4.97232,-0.691012],"r":[[1,0,0],[0,1,0],[0,0,1]],"s":1,"sphereCenter":[-48.5054,336.266,5.21955],"sphereRadius":53.7139,"t":[132.432,-132.23,-180.524]}],"id":53822,"pointables":[{"direction":[0.0119031,0.184655,-0.982731],"handId":7,"id":2,"length":56.1785,"tipPosition":[-21.7339,372.158,-41.2322],"tipVelocity":[-8.91408,-19.9486,-20.8082],"tool":false}],"r":[[0.0371341,-0.439586,0.897432],[0.597919,-0.709789,-0.372415],[0.800696,0.550421,0.236479]],"s":1.79819,"t":[73.6462,-487.939,-681.99],"timestamp":467790394}|{"hands":[{"direction":[0.351792,0.336945,-0.873247],"id":7,"palmNormal":[0.18137,-0.939913,-0.289143],"palmPosition":[-51.021,332.953,50.5391],"palmVelocity":[-8.56103,6.96849,4.16829],"r":[[1,0,0],[0,1,0],[0,0,1]],"s":1,"sphereCenter":[-48.1327,335.067,5.01363],"sphereRadius":53.9975,"t":[132.351,-132.35,-180.646]}],"id":53823,"pointables":[{"direction":[0.0118546,0.181122,-0.983389],"handId":7,"id":2,"length":56.126,"tipPosition":[-21.8325,371.988,-41.3664],"tipVelocity":[-11.3513,-19.5987,-15.4401],"tool":false}],"r":[[0.0371341,-0.439586,0.897432],[0.597919,-0.709789,-0.372415],[0.800696,0.550421,0.236479]],"s":1.79819,"t":[73.5651,-488.059,-682.112],"timestamp":467799085}|{"hands":[{"direction":[0.350775,0.335312,-0.874284],"id":7,"palmNormal":[0.179682,-0.940759,-0.28743],"palmPosition":[-51.1271,333.018,50.5508],"palmVelocity":[-12.2105,7.36969,1.3429],"r":[[1,0,0],[0,1,0],[0,0,1]],"s":1,"sphereCenter":[-48.8135,338.242,6.37758],"sphereRadius":53.4709,"t":[132.254,-132.344,-180.709]}],"id":53824,"pointables":[{"direction":[0.0114006,0.184042,-0.982852],"handId":7,"id":2,"length":56.1752,"tipPosition":[-21.946,372.12,-41.3717],"tipVelocity":[-13.0598,15.2103,-0.607298],"tool":false}],"r":[[0.0371341,-0.439586,0.897432],[0.597919,-0.709789,-0.372415],[0.800696,0.550421,0.236479]],"s":1.79819,"t":[73.4678,-488.053,-682.176],"timestamp":467807775}|{"hands":[{"direction":[0.348476,0.337091,-0.874508],"id":7,"palmNormal":[0.179766,-0.939714,-0.290742],"palmPosition":[-51.1389,333.121,50.192],"palmVelocity":[-1.35274,11.8611,-41.2801],"r":[[1,0,0],[0,1,0],[0,0,1]],"s":1,"sphereCenter":[-47.8227,335.082,4.82284],"sphereRadius":54.392,"t":[132.138,-132.279,-180.858]}],"id":53825,"pointables":[{"direction":[0.0110201,0.182362,-0.98317],"handId":7,"id":2,"length":56.1476,"tipPosition":[-22.0797,372.243,-41.6044],"tipVelocity":[-15.3829,14.1364,-26.7807],"tool":false}],"r":[[0.0371341,-0.439586,0.897432],[0.597919,-0.709789,-0.372415],[0.800696,0.550421,0.236479]],"s":1.79819,"t":[73.3523,-487.989,-682.324],"timestamp":467816466}|{"hands":[{"direction":[0.348918,0.335911,-0.874797],"id":7,"palmNormal":[0.179448,-0.940347,-0.288904],"palmPosition":[-51.2375,333.179,50.2894],"palmVelocity":[-11.3475,6.7592,11.2041],"r":[[1,0,0],[0,1,0],[0,0,1]],"s":1,"sphereCenter":[-47.7913,334.47,4.50244],"sphereRadius":54.5885,"t":[132.018,-132.197,-180.957]}],"id":53826,"pointables":[{"direction":[0.0108066,0.180891,-0.983444],"handId":7,"id":2,"length":56.1245,"tipPosition":[-22.206,372.342,-41.6548],"tipVelocity":[-14.5356,11.3903,-5.79903],"tool":false}],"r":[[0.0371341,-0.439586,0.897432],[0.597919,-0.709789,-0.372415],[0.800696,0.550421,0.236479]],"s":1.79819,"t":[73.2314,-487.907,-682.424],"timestamp":467825156}|{"hands":[{"direction":[0.346897,0.336885,-0.875224],"id":7,"palmNormal":[0.180838,-0.939678,-0.290221],"palmPosition":[-51.3347,333.223,50.2691],"palmVelocity":[-11.1849,4.96491,-2.3387],"r":[[1,0,0],[0,1,0],[0,0,1]],"s":1,"sphereCenter":[-48.1179,336.426,5.46048],"sphereRadius":53.9012,"t":[131.889,-132.117,-181.027]}],"id":53827,"pointables":[{"direction":[0.0105514,0.180484,-0.983521],"handId":7,"id":2,"length":56.1099,"tipPosition":[-22.3417,372.42,-41.6962],"tipVelocity":[-15.6073,9.04163,-4.76323],"tool":false}],"r":[[0.0371341,-0.439586,0.897432],[0.597919,-0.709789,-0.372415],[0.800696,0.550421,0.236479]],"s":1.79819,"t":[73.1032,-487.827,-682.494],"timestamp":467833847}|{"hands":[{"direction":[0.348324,0.337019,-0.874612],"id":7,"palmNormal":[0.180595,-0.939693,-0.290354],"palmPosition":[-51.3792,333.28,49.9937],"palmVelocity":[-5.11571,6.64278,-31.688],"r":[[1,0,0],[0,1,0],[0,0,1]],"s":1,"sphereCenter":[-47.3638,333.742,3.97227],"sphereRadius":54.7445,"t":[131.741,-132.085,-181.061]}],"id":53828,"pointables":[{"direction":[0.010511,0.177251,-0.98411],"handId":7,"id":2,"length":56.095,"tipPosition":[-22.5103,372.405,-41.694],"tipVelocity":[-19.4047,-1.80105,0.257133],"tool":false}],"r":[[0.0371341,-0.439586,0.897432],[0.597919,-0.709789,-0.372415],[0.800696,0.550421,0.236479]],"s":1.79819,"t":[72.9547,-487.795,-682.528],"timestamp":467842538}|{"hands":[{"direction":[0.347014,0.337502,-0.874954],"id":7,"palmNormal":[0.179629,-0.939491,-0.291615],"palmPosition":[-51.4477,333.412,49.7701],"palmVelocity":[-7.89089,15.1313,-25.722],"r":[[1,0,0],[0,1,0],[0,0,1]],"s":1,"sphereCenter":[-47.1462,332.685,3.4393],"sphereRadius":54.8541,"t":[131.577,-132.039,-181.076]}],"id":53829,"pointables":[{"direction":[0.0107223,0.172377,-0.984973],"handId":7,"id":2,"length":56.065,"tipPosition":[-22.6898,372.464,-41.6901],"tipVelocity":[-20.6557,6.80206,0.447131],"tool":false}],"r":[[0.0371341,-0.439586,0.897432],[0.597919,-0.709789,-0.372415],[0.800696,0.550421,0.236479]],"s":1.79819,"t":[72.7907,-487.749,-682.543],"timestamp":467851228}|{"hands":[{"direction":[0.347212,0.339042,-0.874283],"id":7,"palmNormal":[0.183161,-0.938528,-0.292462],"palmPosition":[-51.4819,333.498,49.5064],"palmVelocity":[-3.93399,9.9401,-30.3445],"r":[[1,0,0],[0,1,0],[0,0,1]],"s":1,"sphereCenter":[-47.1356,332.326,2.83632],"sphereRadius":54.9076,"t":[131.412,-131.833,-181.12]}],"id":53830,"pointables":[{"direction":[0.0108818,0.174139,-0.984661],"handId":7,"id":2,"length":56.0513,"tipPosition":[-22.8562,372.829,-41.7618],"tipVelocity":[-19.1423,42.0892,-8.24543],"tool":false}],"r":[[0.0371341,-0.439586,0.897432],[0.597919,-0.709789,-0.372415],[0.800696,0.550421,0.236479]],"s":1.79819,"t":[72.6256,-487.543,-682.586],"timestamp":467859919}|{"hands":[{"direction":[0.346864,0.338763,-0.87454],"id":7,"palmNormal":[0.1825,-0.938792,-0.292058],"palmPosition":[-51.6193,333.467,4