{"hands":[{"direction":[0.0825299,0.223077,-0.886819],"id":5,"palmNormal":[-0.113116,-0.896027,-0.271868],"palmPosition":[-31.8892,192.635,-236.685],"palmVelocity":[20.8363,-445.877,779.415],"r":[[1,0,0],[0,1,0],[0,0,1]],"s":1,"sphereCenter":[-24.5446,344.795,-187.097],"sphereRadius":242.415,"t":[-2.40703,-0.80976,2.23086]},{"direction":[0.327746,0.296798,-0.896817],"id":1,"palmNormal":[0.220408,-0.946874,-0.233674],"palmPosition":[-26.8847,311.041,33.1161],"palmVelocity":[9.59653,16.3446,-40.4682],"r":[[0.00616221,-0.98275,0.184838],[0.904187,0.0844218,0.418712],[-0.427093,0.164548,0.889109]],"s":0.974174,"sphereCenter":[-30.1349,329.387,-17.0462],"sphereRadius":58.9284,"t":[-159.974,112.91,-98.4023]}],"id":36506,"pointables":[{"direction":[-0.0669704,-0.0553593,-0.996218],"handId":1,"id":7,"length":59.5772,"tipPosition":[-21.8895,373.614,-67.1477],"tipVelocity":[3.95433,-12.3372,3.86139],"tool":false}],"r":[[0.6976,0.108615,-0.708207],[-0.0507013,0.993448,0.102419],[0.714691,-0.0355407,0.698537]],"s":25.7004,"t":[244.247,-443.033,905.28],"timestamp":170566021}|{"hands":[{"direction":[0.0616621,0.273773,-0.879258],"id":5,"palmNormal":[-0.102564,-0.883092,-0.33353],"palmPosition":[-34.2936,193.944,-238.868],"palmVelocity":[-257.295,140.089,-233.504],"r":[[1,0,0],[0,1,0],[0,0,1]],"s":1,"sphereCenter":[-27.2171,304.471,-214.97],"sphereRadius":226.779,"t":[-3.83751,-0.84491,2.59662]},{"direction":[0.328154,0.296457,-0.896799],"id":1,"palmNormal":[0.224722,-0.946481,-0.23109],"palmPosition":[-26.9504,310.917,33.4224],"palmVelocity":[-7.02588,-13.3101,32.7698],"r":[[0.00616221,-0.98275,0.184838],[0.904187,0.0844218,0.418712],[-0.427093,0.164548,0.889109]],"s":0.974174,"sphereCenter":[-30.0175,328.88,-17.2966],"sphereRadius":59.0191,"t":[-159.955,112.728,-98.3817]}],"id":36508,"pointables":[{"direction":[-0.066932,-0.0608646,-0.995899],"handId":1,"id":7,"length":59.5894,"tipPosition":[-21.8725,373.476,-67.0799],"tipVelocity":[1.81863,-14.7238,7.25899],"tool":false}],"r":[[0.698865,0.109362,-0.706844],[-0.0516367,0.993377,0.102641],[0.713387,-0.0352328,0.699884]],"s":25.7,"t":[244.266,-443.215,905.301],"timestamp":170575366}|{"hands":[{"direction":[-0.0922121,0.287345,-0.778053],"id":5,"palmNormal":[-0.115497,-0.61608,-0.0326996],"palmPosition":[-33.1072,196.62,-243.275],"palmVelocity":[127.077,286.681,-472.138],"r":[[1,0,0],[0,1,0],[0,0,1]],"s":1,"sphereCenter":[-27.1991,298.203,-219.745],"sphereRadius":211.458,"t":[-3.95956,0.47574,0.575558]},{"direction":[0.32784,0.296565,-0.896894],"id":1,"palmNormal":[0.225161,-0.946419,-0.231053],"palmPosition":[-26.998,310.739,33.5885],"palmVelocity":[-5.09975,-19.0867,17.795],"r":[[0.00616221,-0.98275,0.184838],[0.904187,0.0844218,0.418712],[-0.427093,0.164548,0.889109]],"s":0.974174,"sphereCenter":[-29.8079,328.714,-17.3905],"sphereRadius":59.004,"t":[-159.915,112.592,-98.418]}],"id":36510,"pointables":[{"direction":[-0.0664419,-0.0654582,-0.995641],"handId":1,"id":7,"length":59.6302,"tipPosition":[-21.8115,373.386,-67.1731],"tipVelocity":[6.52836,-9.68081,-9.98574],"tool":false}],"r":[[0.699295,0.109717,-0.706363],[-0.0542748,0.993448,0.100577],[0.71277,-0.0319953,0.700668]],"s":25.7029,"t":[244.306,-443.351,905.264],"timestamp":170584702}|{"hands":[{"direction":[-0.0127882,0.155091,-0.77261],"id":5,"palmNormal":[-0.197078,-0.664394,0.05573],"palmPosition":[-35.1951,200.248,-247.384],"palmVelocity":[-223.398,388.103,-439.581],"r":[[1,0,0],[0,1,0],[0,0,1]],"s":1,"sphereCenter":[-28.5633,278.871,-239.161],"sphereRadius":200.515,"t":[-5.06453,2.94967,-2.48914]},{"direction":[0.329651,0.295411,-0.896611],"id":1,"palmNormal":[0.226308,-0.94682,-0.228313],"palmPosition":[-27.0028,310.62,33.6752],"palmVelocity":[-0.513697,-12.7176,9.27344],"r":[[0.00616221,-0.98275,0.184838],[0.904187,0.0844218,0.418712],[-0.427093,0.164548,0.889109]],"s":0.974174,"sphereCenter":[-29.5829,328.382,-17.5112],"sphereRadius":59.0562,"t":[-159.884,112.495,-98.4765]}],"id":36512,"pointables":[{"direction":[-0.0665673,-0.0638889,-0.995734],"handId":1,"id":7,"length":59.4998,"tipPosition":[-21.7898,373.327,-67.2538],"tipVelocity":[2.32292,-6.26482,-8.63159],"tool":false}],"r":[[0.700461,0.110535,-0.705079],[-0.0591525,0.993526,0.096989],[0.711235,-0.0262298,0.702464]],"s":25.7074,"t":[244.336,-443.449,905.206],"timestamp":170594048}|{"hands":[{"direction":[-0.0432496,0.0388409,-0.776646],"id":5,"palmNormal":[-0.251439,-0.6684,0.182435],"palmPosition":[-35.3581,198.846,-243.977],"palmVelocity":[-17.4459,-149.938,364.563],"r":[[1,0,0],[0,1,0],[0,0,1]],"s":1,"sphereCenter":[-29.6967,256.351,-253.211],"sphereRadius":189.7,"t":[-5.69853,3.48606,-2.31806]},{"direction":[0.329278,0.293869,-0.897259],"id":1,"palmNormal":[0.224751,-0.947579,-0.226754],"palmPosition":[-26.9489,310.605,33.5117],"palmVelocity":[5.77095,-1.61415,-17.4926],"r":[[0.00616221,-0.98275,0.184838],[0.904187,0.0844218,0.418712],[-0.427093,0.164548,0.889109]],"s":0.974174,"sphereCenter":[-29.4844,328.382,-17.3384],"sphereRadius":58.9724,"t":[-159.826,112.45,-98.3421]}],"id":36514,"pointables":[{"direction":[-0.0658797,-0.0680716,-0.995503],"handId":1,"id":7,"length":59.5359,"tipPosition":[-21.7051,373.336,-66.9263],"tipVelocity":[9.07035,0.900689,35.0387],"tool":false}],"r":[[0.701524,0.111218,-0.703914],[-0.061826,0.993521,0.0953596],[0.709959,-0.0233769,0.703855]],"s":25.7078,"t":[244.394,-443.493,905.34],"timestamp":170603393}|{"hands":[{"direction":[-0.0458681,0.114126,-0.78984],"id":5,"palmNormal":[-0.211393,-0.713227,0.0220354],"palmPosition":[-35.3956,196.892,-241.414],"palmVelocity":[-4.00678,-209.185,274.363],"r":[[1,0,0],[0,1,0],[0,0,1]],"s":1,"sphereCenter":[-28.7449,307.361,-217.694],"sphereRadius":227.72,"t":[-6.03424,2.77725,-0.951108]},{"direction":[0.327373,0.294461,-0.897763],"id":1,"palmNormal":[0.225745,-0.94708,-0.227915],"palmPosition":[-26.7996,310.602,33.1215],"palmVelocity":[15.9808,-0.332197,-41.7771],"r":[[0.00616221,-0.98275,0.184838],[0.904187,0.0844218,0.418712],[-0.427093,0.164548,0.889109]],"s":0.974174,"sphereCenter":[-29.7951,329.077,-15.9743],"sphereRadius":59.0548,"t":[-159.753,112.349,-98.1257]}],"id":36516,"pointables":[{"direction":[-0.0653105,-0.0705603,-0.995367],"handId":1,"id":7,"length":59.5596,"tipPosition":[-21.6169,373.178,-66.628],"tipVelocity":[9.43469,-16.8798,31.9374],"tool":false}],"r":[[0.702489,0.111773,-0.702862],[-0.0625713,0.993466,0.0954478],[0.708938,-0.0230721,0.704893]],"s":25.7061,"t":[244.467,-443.594,905.557],"timestamp":170612734}|{"hands":[{"direction":[0.0187336,0.144162,-0.80499],"id":5,"palmNormal":[-0.186402,-0.763485,-0.0671192],"palmPosition":[-34.2829,196.866,-243.185],"palmVelocity":[119.067,-2.82079,-189.459],"r":[[1,0,0],[0,1,0],[0,0,1]],"s":1,"sphereCenter":[-27.9096,326.678,-205.284],"sphereRadius":234.43,"t":[-5.64575,2.40967,-1.15288]},{"direction":[0.332831,0.291722,-0.896548],"id":1,"palmNormal":[0.226196,-0.948248,-0.22238],"palmPosition":[-27.0514,310.208,33.957],"palmVelocity":[-26.9442,-42.0875,89.405],"r":[[0.00616221,-0.98275,0.184838],[0.904187,0.0844218,0.418712],[-0.427093,0.164548,0.889109]],"s":0.974174,"sphereCenter":[-30.2033,329.668,-15.7947],"sphereRadius":58.903,"t":[-159.738,112.336,-98.168]}],"id":36518,"pointables":[{"direction":[-0.0657937,-0.0703394,-0.995351],"handId":1,"id":7,"length":59.6327,"tipPosition":[-21.6594,373.252,-66.929],"tipVelocity":[-4.54072,7.9654,-32.2155],"tool":false}],"r":[[0.702654,0.1119,-0.702677],[-0.063555,0.993479,0.0946563],[0.708687,-0.0218521,0.705184]],"s":25.7071,"t":[244.482,-443.607,905.514],"timestamp":170622079}|{"hands":[{"direction":[0.0374173,0.203268,-0.812123],"id":5,"palmNormal":[-0.157016,-0.784209,-0.174804],"palmPosition":[-35.4192,199.212,-246.705],"palmVelocity":[-121.645,251.169,-376.903],"r":[[1,0,0],[0,1,0],[0,0,1]],"s":1,"sphereCenter":[-28.9152,352.655,-185.075],"sphereRadius":251.64,"t":[-6.01965,3.39896,-3.01409]},{"direction":[0.332661,0.290666,-0.896979],"id":1,"palmNormal":[0.220309,-0.94929,-0.223676],"palmPosition":[-26.9993,310.194,33.6838],"palmVelocity":[5.57798,-1.49114,-29.2416],"r":[[0.00616221,-0.98275,0.184838],[0.904187,0.0844218,0.418712],[-0.427093,0.164548,0.889109]],"s":0.974174,"sphereCenter":[-29.836,328.892,-17.1274],"sphereRadius":58.9677,"t":[-159.741,112.644,-98.3041]}],"id":36520,"pointables":[{"direction":[-0.0661217,-0.0629283,-0.995825],"handId":1,"id":7,"length":59.7943,"tipPosition":[-21.6809,373.883,-67.1589],"tipVelocity":[-2.29883,67.5365,-24.6027],"tool":false}],"r":[[0.703238,0.112319,-0.702026],[-0.0661688,0.993496,0.0926692],[0.707869,-0.0187163,0.706096]],"s":25.71,"t":[244.479,-443.299,905.378],"timestamp":170631420}|{"hands":[{"direction":[0.0255772,0.252658,-0.818781],"id":5,"palmNormal":[-0.123225,-0.800035,-0.251287],"palmPosition":[-31.5231,184.418,-221.005],"palmVelocity":[417.089,-1583.75,2751.33],"r":[[1,0,0],[0,1,0],[0,0,1]],"s":1,"sphereCenter":[-26.8926,319.414,-196.29],"sphereRadius":222.037,"t":[-4.25859,-3.50332,8.90541]},{"direction":[0.334302,0.290177,-0.896543],"id":1,"palmNormal":[0.217569,-0.949811,-0.224231],"palmPosition":[-27.1064,310.059,33.8911],"palmVelocity":[-11.4715,-14.4379,22.187],"r":[[0.00616221,-0.98275,0.184838],[0.904187,0.0844218,0.418712],[-0.427093,0.164548,0.889109]],"s":0.974174,"sphereCenter":[-29.7961,328.711,-16.9772],"sphereRadius":59.1679,"t":[-159.724,112.631,-98.4679]}],"id":36522,"pointables":[{"direction":[-0.0659949,-0.0697766,-0.995377],"handId":1,"id":7,"length":59.8025,"tipPosition":[-21.644,373.548,-67.3504],"tipVelocity":[3.94565,-35.8465,-20.5069],"tool":false}],"r":[[0.701976,0.1113,-0.70345],[-0.0551703,0.993243,0.102097],[0.710061,-0.03286,0.703373]],"s":25.6947,"t":[244.496,-443.312,905.215],"timestamp":170640761}|{"hands":[{"direction":[-0.0247865,0.0698794,-0.739738],"id":5,"palmNormal":[-0.150683,-0.674929,0.0204663],"palmPosition":[-29.6535,190.722,-236.03],"palmVelocity":[200.068,674.577,-1607.84],"r":[[1,0,0],[0,1,0],[0,0,1]],"s":1,"sphereCenter":[-26.1684,308.537,-213.081],"sphereRadius":209.698,"t":[-2.44324,-3.80249,7.35251]},{"direction":[0.335036,0.2889,-0.896697],"id":1,"palmNormal":[0.219094,-0.950021,-0.221915],"palmPosition":[-27.0927,310.164,33.8382],"palmVelocity":[1.47487,11.2227,-5.65597],"r":[[0.00616221,-0.98275,0.184838],[0.904187,0.0844218,0.418712],[-0.427093,0.164548,0.889109]],"s":0.974174,"sphereCenter":[-29.7444,328.774,-16.7298],"sphereRadius":59.0034,"t":[-159.705,112.355,-98.606]}],"id":36524,"pointables":[{"direction":[-0.0658633,-0.0697925,-0.995385],"handId":1,"id":7,"length":59.804,"tipPosition":[-21.6218,373.009,-67.4629],"tipVelocity":[2.3711,-57.7149,-12.037],"tool":false}],"r":[[0.700018,0.110069,-0.705592],[-0.0516611,0.993267,0.103692],[0.712254,-0.0361345,0.700991]],"s":25.6955,"t":[244.516,-443.588,905.076],"timestamp":170650106}|{"hands":[{"direction":[0.0196093,0.105815,-0.768561],"id":5,"palmNormal":[-0.152391,-0.733199,-0.0632561],"palmPosition":[-31.3213,193.658,-240.707],"palmVelocity":[-178.55,314.231,-500.688],"r":[[1,0,0],[0,1,0],[0,0,1]],"s":1,"sphereCenter":[-26.8094,340.131,-193.2],"sphereRadius":233.542,"t":[-2.36949,-2.48447,4.23759]},{"direction":[0.335775,0.290955,-0.895759],"id":1,"palmNormal":[0.219302,-0.949166,-0.225359],"palmPosition":[-27.1292,310.073,33.9663],"palmVelocity":[-3.91485,-9.81866,13.7111],"r":[[0.00616221,-0.98275,0.184838],[0.904187,0.0844218,0.418712],[-0.427093,0.164548,0.889109]],"s":0.974174,"sphereCenter":[-30.3631,329.721,-15.7463],"sphereRadius":58.8808,"t":[-159.687,112.06,-98.6809]}],"id":36526,"pointables":[{"direction":[-0.0655452,-0.0742912,-0.99508],"handId":1,"id":7,"length":60.0467,"tipPosition":[-21.6057,372.694,-67.4746],"tipVelocity":[1.72749,-33.6828,-1.25098],"tool":false}],"r":[[0.699098,0.109501,-0.706591],[-0.0514041,0.993344,0.103081],[0.713175,-0.0357419,0.700074]],"s":25.6993,"t":[244.534,-443.883,905.002],"timestamp":170659447}|{"hands":[{"direction":[0.0364238,0.147733,-0.792625],"id":5,"palmNormal":[-0.134245,-0.776447,-0.136103],"palmPosition":[-29.3661,191.221,-236.867],"palmVelocity":[209.223,-260.753,410.914],"r":[[1,0,0],[0,1,0],[0,0,1]],"s":1,"sphereCenter":[-25.6284,356.329,-185.118],"sphereRadius":242.783,"t":[-1.35501,-3.04382,4.60014]},{"direction":[0.333875,0.29435,-0.895335],"id":1,"palmNormal":[0.217144,-0.947999,-0.232002],"palmPosition":[-27.1162,310.044,33.7416],"palmVelocity":[1.39517,-3.03658,-24.0434],"r":[[0.00616221,-0.98275,0.184838],[0.904187,0.0844218,0.418712],[-0.427093,0.164548,0.889109]],"s":0.974174,"sphereCenter":[-30.2315,329.482,-15.7618],"sphereRadius":59.0763,"t":[-159.715,112.115,-98.7776]}],"id":36528,"pointables":[{"direction":[-0.0657747,-0.076913,-0.994866],"handId":1,"id":7,"length":60.3433,"tipPosition":[-21.6792,373.1,-67.5931],"tipVelocity":[-7.86748,43.3473,-12.6768],"tool":false}],"r":[[0.697539,0.108553,-0.708277],[-0.0489682,0.993369,0.104021],[0.714872,-0.0378757,0.698229]],"s":25.6991,"t":[244.506,-443.829,904.905],"timestamp":170668792}|{"hands":[{"direction":[0.0335851,0.172855,-0.818045],"id":5,"palmNormal":[-0.151765,-0.812122,-0.174744],"palmPosition":[-32.5693,194.738,-241.346],"palmVelocity":[-342.917,376.486,-479.447],"r":[[1,0,0],[0,1,0],[0,0,1]],"s":1,"sphereCenter":[-26.8473,351.29,-187.876],"sphereRadius":232.963,"t":[-2.44937,-1.56512,2.54215]},{"direction":[0.332315,0.293358,-0.896251],"id":1,"palmNormal":[0.215734,-0.948581,-0.231075],"palmPosition":[-27.2812,309.687,34.2986],"palmVelocity":[-17.6652,-38.2443,59.6273],"r":[[0.00616221,-0.98275,0.184838],[0.904187,0.0844218,0.418712],[-0.427093,0.164548,0.889109]],"s":0.974174,"sphereCenter":[-30.1605,329.374,-15.7419],"sphereRadius":59.4209,"t":[-159.777,112.313,-98.8319]}],"id":36530,"pointables":[{"direction":[-0.0664464,-0.0728356,-0.995128],"handId":1,"id":7,"length":60.4611,"tipPosition":[-21.776,373.441,-67.6049],"tipVelocity":[-10.3555,36.5119,-1.26326],"tool":false}],"r":[[0.697536,0.108545,-0.708281],[-0.0502462,0.993436,0.102762],[0.714786,-0.0360915,0.698411]],"s":25.7022,"t":[244.443,-443.631,904.851],"timestamp":170678133}|{"hands":[{"direction":[0.0356553,0.226844,-0.824494],"id":5,"palmNormal":[-0.140776,-0.821454,-0.253591],"palmPosition":[-35.9284,195.552,-241.53],"palmVelocity":[-359.414,87.1345,-19.7371],"r":[[1,0,0],[0,1,0],[0,0,1]],"s":1,"sphereCenter":[-26.744,365.58,-178.921],"sphereRadius":242.914,"t":[-4.67609,-0.418589,1.42092]},{"direction":[0.330034,0.292423,-0.897399],"id":1,"palmNormal":[0.213946,-0.949109,-0.230674],"palmPosition":[-27.2057,309.734,34.0573],"palmVelocity":[8.08339,5.06077,-25.8187],"r":[[0.00616221,-0.98275,0.184838],[0.904187,0.0844218,0.418712],[-0.427093,0.164548,0.889109]],"s":0.974174,"sphereCenter":[-30.0076,329.085,-16.1442],"sphereRadius":59.2965,"t":[-159.859,112.252,-98.906]}],"id":36532,"pointables":[{"direction":[-0.0667783,-0.075832,-0.994882],"handId":1,"id":7,"length":60.6556,"tipPosition":[-21.8766,373.121,-67.6988],"tipVelocity":[-10.7655,-34.2298,-10.052],"tool":false}],"r":[[0.699008,0.109351,-0.706704],[-0.0522191,0.993406,0.102063],[0.713205,-0.0344391,0.700109]],"s":25.7041,"t":[244.362,-443.692,904.777],"timestamp":170687479}|{"hands":[{"direction":[0.135115,0.175022,-0.812519],"id":5,"palmNormal":[-0.148134,-0.860018,-0.19951],"palmPosition":[-33.9092,198.16,-247.005],"palmVelocity":[216.19,279.271,-586.145],"r":[[1,0,0],[0,1,0],[0,0,1]],"s":1,"sphereCenter":[-26.1802,424.669,-139.135],"sphereRadius":304.395,"t":[-4.77984,1.45887,-1.87699]},{"direction":[0.32964,0.293921,-0.897068],"id":1,"palmNormal":[0.215512,-0.948348,-0.232402],"palmPosition":[-27.1178,309.92,33.805],"palmVelocity":[9.40457,19.9012,-27.0091],"r":[[0.00616221,-0.98275,0.184838],[0.904187,0.0844218,0.418712],[-0.427093,0.164548,0.889109]],"s":0.974174,"sphereCenter":[-29.8496,328.39,-16.8494],"sphereRadius":59.2895,"t":[-159.95,112.093,-99.0013]}],"id":36534,"pointables":[{"direction":[-0.0670044,-0.0767784,-0.994794],"handId":1,"id":7,"length":60.7393,"tipPosition":[-21.9776,372.864,-67.8154],"tipVelocity":[-10.817,-27.4943,-12.4805],"tool":false}],"r":[[0.699299,0.109607,-0.706376],[-0.0554572,0.993515,0.0992597],[0.712675,-0.0302386,0.700843]],"s":25.7092,"t":[244.271,-443.85,904.681],"timestamp":170696819}|{"hands":[{"direction":[0.133023,0.229111,-0.818583],"id":5,"palmNormal":[-0.134986,-0.856994,-0.275601],"palmPosition":[-36.5969,197.346,-243.738],"palmVelocity":[-287.58,-87.1812,349.537],"r":[[1,0,0],[0,1,0],[0,0,1]],"s":1,"sphereCenter":[-26.7646,413.468,-148.082],"sphereRadius":288.938,"t":[-6.17558,1.9902,-1.89256]},{"direction":[0.32984,0.296278,-0.89622],"id":1,"palmNormal":[0.215844,-0.947466,-0.235678],"palmPosition":[-26.8984,310.281,32.9945],"palmVelocity":[23.4792,38.5786,-86.7268],"r":[[0.00616221,-0.98275,0.184838],[0.904187,0.0844218,0.418712],[-0.427093,0.164548,0.889109]],"s":0.974174,"sphereCenter":[-30.1441,328.971,-17.289],"sphereRadius":59.0125,"t":[-160.068,112.221,-99.2587]}],"id":36536,"pointables":[{"direction":[-0.0676872,-0.0735674,-0.994991],"handId":1,"id":7,"length":60.703,"tipPosition":[-22.1222,373.278,-68.2347],"tipVelocity":[-15.475,44.346,-44.8702],"tool":false}],"r":[[0.700831,0.110459,-0.704723],[-0.0572815,0.993462,0.0987518],[0.711024,-0.0288407,0.702576]],"s":25.7096,"t":[244.153,-443.723,904.424],"timestamp":170706165}|{"hands":[{"direction":[0.116733,0.27865,-0.822056],"id":5,"palmNormal":[-0.122489,-0.852359,-0.336601],"palmPosition":[-36.7941,191.872,-233.115],"palmVelocity":[-21.1092,-586.043,1137.38],"r":[[1,0,0],[0,1,0],[0,0,1]],"s":1,"sphereCenter":[-26.9552,396.16,-158.908],"sphereRadius":269.507,"t":[-6.97202,-0.480953,3.41124]},{"direction":[0.328805,0.297297,-0.896276],"id":1,"palmNormal":[0.217225,-0.946967,-0.23648],"palmPosition":[-26.7811,310.212,32.742],"palmVelocity":[12.5514,-7.30944,-27.027],"r":[[0.00616221,-0.98275,0.184838],[0.904187,0.0844218,0.418712],[-0.427093,0.164548,0.889109]],"s":0.974174,"sphereCenter":[-30.5645,329.779,-16.7885],"sphereRadius":58.7665,"t":[-160.155,112.368,-99.3572]}],"id":36538,"pointables":[{"direction":[-0.0680792,-0.0749934,-0.994857],"handId":1,"id":7,"length":60.7561,"tipPosition":[-22.1781,373.446,-68.1744],"tipVelocity":[-5.98097,17.9281,6.45362],"tool":false}],"r":[[0.702346,0.111084,-0.703114],[-0.0541491,0.993224,0.102828],[0.709773,-0.0341477,0.703603]],"s":25.7021,"t":[244.066,-443.575,904.325],"timestamp":170715505}|{"hands":[{"direction":[0.132918,0.318414,-0.821639],"id":5,"palmNormal":[-0.105944,-0.847844,-0.38571],"palmPosition":[-36.4747,191.071,-232.497],"palmVelocity":[34.1952,-85.692,66.1317],"r":[[1,0,0],[0,1,0],[0,0,1]],"s":1,"sphereCenter":[-27.5704,391.395,-158.937],"sphereRadius":262.251,"t":[-7.21054,-2.11675,6.37201]},{"direction":[0.329851,0.298919,-0.895355],"id":1,"palmNormal":[0.218207,-0.94639,-0.237928],"palmPosition":[-26.7253,310.238,32.6069],"palmVelocity":[5.97506,2.71663,-14.4682],"r":[[0.00616221,-0.98275,0.184838],[0.904187,0.0844218,0.418712],[-0.427093,0.164548,0.889109]],"s":0.974174,"sphereCenter":[-30.8755,330.4,-16.5327],"sphereRadius":58.6484,"t":[-160.226,112.704,-99.3686]}],"id":36540,"pointables":[{"direction":[-0.0688476,-0.0692504,-0.995221],"handId":1,"id":7,"length":60.6939,"tipPosition":[-22.2344,373.97,-68.0987],"tipVelocity":[-6.03171,56.1488,8.11341],"tool":false}],"r":[[0.703459,0.111486,-0.701938],[-0.0510642,0.992996,0.106539],[0.708899,-0.0391019,0.704225]],"s":25.6964,"t":[243.994,-443.239,904.314],"timestamp":170724846}|{"hands":[{"direction":[0.144525,0.385801,-0.790465],"id":5,"palmNormal":[-0.0725184,-0.534762,-0.137481],"palmPosition":[-30.4833,173.086,-197.364],"palmVelocity":[641.065,-1924.4,3759.18],"r":[[1,0,0],[0,1,0],[0,0,1]],"s":1,"sphereCenter":[-25.6845,341.909,-175.069],"sphereRadius":231.405,"t":[-4.3341,-11.9274,25.419]},{"direction":[0.32914,0.300807,-0.894989],"id":1,"palmNormal":[0.222423,-0.945186,-0.238733],"palmPosition":[-26.7039,310.247,32.6144],"palmVelocity":[2.2942,0.946549,0.802434],"r":[[0.00616221,-0.98275,0.184838],[0.904187,0.0844218,0.418712],[-0.427093,0.164548,0.889109]],"s":0.974174,"sphereCenter":[-30.5362,329.554,-17.1805],"sphereRadius":58.781,"t":[-160.262,112.761,-99.3703]}],"id":36542,"pointables":[{"direction":[-0.0690735,-0.071555,-0.995042],"handId":1,"id":7,"length":60.8089,"tipPosition":[-22.2348,373.748,-68.0907],"tipVelocity":[-0.0366602,-23.7808,0.848552],"tool":false}],"r":[[0.701596,0.109486,-0.704113],[-0.0292578,0.991718,0.125054],[0.711974,-0.0671367,0.698989]],"s":25.6686,"t":[243.958,-443.182,904.312],"timestamp":170734192}|{"hands":[{"direction":[0.140485,0.398095,-0.803958],"id":5,"palmNormal":[-0.0686856,-0.610833,-0.211677],"palmPosition":[-30.5262,183.465,-225.213],"palmVelocity":[-4.60095,1111.25,-2981.7],"r":[[1,0,0],[0,1,0],[0,0,1]],"s":1,"sphereCenter":[-25.4495,342.014,-176.945],"sphereRadius":225.88,"t":[-2.91737,-11.6432,21.018]},{"direction":[0.329311,0.300099,-0.895178],"id":1,"palmNormal":[0.224102,-0.945405,-0.236297],"palmPosition":[-26.759,310.302,32.7923],"palmVelocity":[-5.89736,5.88277,19.0488],"r":[[0.00616221,-0.98275,0.184838],[0.904187,0.0844218,0.418712],[-0.427093,0.164548,0.889109]],"s":0.974174,"sphereCenter":[-30.1764,328.764,-17.6905],"sphereRadius":58.8643,"t":[-160.243,112.747,-99.1552]}],"id":36544,"pointables":[{"direction":[-0.0688503,-0.0737187,-0.9949],"handId":1,"id":7,"length":60.9336,"tipPosition":[-22.1612,373.663,-67.6588],"tipVelocity":[7.88092,-9.07254,46.2488],"tool":false}],"r":[[0.69958,0.108022,-0.706342],[-0.0225602,0.991353,0.129265],[0.714198,-0.074496,0.695968]],"s":25.6712,"t":[243.977,-443.196,904.527],"timestamp":170743532}|{"hands":[{"direction":[0.127956,0.40155,-0.819694],"id":5,"palmNormal":[-0.0609758,-0.675994,-0.258321],"palmPosition":[-27.5949,183.324,-225.807],"palmVelocity":[313.983,-15.128,-63.61],"r":[[1,0,0],[0,1,0],[0,0,1]],"s":1,"sphereCenter":[-24.5542,351.139,-172.253],"sphereRadius":230.626,"t":[-0.743326,-11.5717,18.5206]},{"direction":[0.330454,0.300186,-0.894736],"id":1,"palmNormal":[0.225361,-0.945374,-0.235278],"palmPosition":[-26.9636,309.907,33.5019],"palmVelocity":[-21.923,-42.2272,76.0109],"r":[[0.00616221,-0.98275,0.184838],[0.904187,0.0844218,0.418712],[-0.427093,0.164548,0.889109]],"s":0.974174,"sphereCenter":[-29.948,328.14,-18.0633],"sphereRadius":59.0194,"t":[-160.201,112.517,-99.0952]}],"id":36546,"pointables":[{"direction":[-0.06891,-0.0772348,-0.994629],"handId":1,"id":7,"length":61.04,"tipPosition":[-22.0947,373.216,-67.754],"tipVelocity":[7.12494,-47.9247,-10.2002],"tool":false}],"r":[[0.696569,0.106063,-0.709607],[-0.0169109,0.991166,0.131547],[0.717291,-0.0796313,0.692209]],"s":25.6741,"t":[244.02,-443.427,904.587],"timestamp":170752868}|{"hands":[{"direction":[0.102124,0.417203,-0.826712],"id":5,"palmNormal":[-0.0620073,-0.718719,-0.312803],"palmPosition":[-29.8572,190.459,-237.509],"palmVelocity":[-242.085,763.484,-1252.21],"r":[[1,0,0],[0,1,0],[0,0,1]],"s":1,"sphereCenter":[-25.6361,361.061,-167.964],"sphereRadius":236.492,"t":[-0.787447,-7.96855,11.4209]},{"direction":[0.331382,0.299248,-0.894714],"id":1,"palmNormal":[0.224546,-0.945971,-0.233692],"palmPosition":[-26.9918,309.787,33.6227],"palmVelocity":[-3.01496,-12.8494,12.9233],"r":[[0.00616221,-0.98275,0.184838],[0.904187,0.0844218,0.418712],[-0.427093,0.164548,0.889109]],"s":0.974174,"sphereCenter":[-29.8303,328.354,-17.7964],"sphereRadius":58.918,"t":[-160.128,112.139,-99.0445]}],"id":36548,"pointables":[{"direction":[-0.069042,-0.082713,-0.994179],"handId":1,"id":7,"length":61.1474,"tipPosition":[-21.9909,372.691,-67.7126],"tipVelocity":[11.0984,-56.203,4.4336],"tool":false}],"r":[[0.695019,0.105039,-0.711277],[-0.0183966,0.991545,0.128452],[0.718756,-0.0761912,0.691075]],"s":25.684,"t":[244.093,-443.805,904.638],"timestamp":170762213}|{"hands":[{"direction":[0.0845019,0.430448,-0.832802],"id":5,"palmNormal":[-0.0668291,-0.75179,-0.355495],"palmPosition":[-32.5573,193.489,-239.894],"palmVelocity":[-288.912,324.278,-255.192],"r":[[1,0,0],[0,1,0],[0,0,1]],"s":1,"sphereCenter":[-26.8149,347.7,-180.244],"sphereRadius":222.624,"t":[-2.15959,-4.65163,6.67854]},{"direction":[0.329933,0.299327,-0.895227],"id":1,"palmNormal":[0.222934,-0.946118,-0.234667],"palmPosition":[-27.0034,309.778,33.6151],"palmVelocity":[-1.24411,-0.954842,-0.809605],"r":[[0.00616221,-0.98275,0.184838],[0.904187,0.0844218,0.418712],[-0.427093,0.164548,0.889109]],"s":0.974174,"sphereCenter":[-29.6626,327.916,-18.0629],"sphereRadius":58.9253,"t":[-160.056,111.96,-98.9986]}],"id":36550,"pointables":[{"direction":[-0.0689414,-0.0823652,-0.994215],"handId":1,"id":7,"length":61.1744,"tipPosition":[-21.9215,372.712,-67.6714],"tipVelocity":[7.42504,2.23597,4.40043],"tool":false}],"r":[[0.69494,0.104829,-0.711386],[-0.0219137,0.991944,0.124765],[0.718734,-0.0711151,0.691639]],"s":25.692,"t":[244.164,-443.983,904.684],"timestamp":170771559}|{"hands":[{"direction":[-0.0479217,0.257871,-0.687924],"id":5,"palmNormal":[-0.0946199,-0.501778,-0.0580024],"palmPosition":[-32.6997,196.14,-242.237],"palmVelocity":[-15.2521,283.937,-250.957],"r":[[1,0,0],[0,1,0],[0,0,1]],"s":1,"sphereCenter":[-28.5999,317.719,-199.294],"sphereRadius":203.182,"t":[-2.91686,-1.66776,3.13589]},{"direction":[0.330587,0.300884,-0.894464],"id":1,"palmNormal":[0.220934,-0.945826,-0.237667],"palmPosition":[-26.9963,309.779,33.4972],"palmVelocity":[0.769047,0.0197797,-12.6289],"r":[[0.00616221,-0.98275,0.184838],[0.904187,0.0844218,0.418712],[-0.427093,0.164548,0.889109]],"s":0.974174,"sphereCenter":[-29.4867,327.666,-18.4836],"sphereRadius":59.0445,"t":[-160.048,112.22,-99.1112]}],"id":36552,"pointables":[{"direction":[-0.0695778,-0.0753432,-0.994727],"handId":1,"id":7,"length":61.3549,"tipPosition":[-21.9764,373.411,-67.9425],"tipVelocity":[-5.87322,74.8649,-29.0305],"tool":false}],"r":[[0.69492,0.104731,-0.71142],[-0.0263685,0.992383,0.120335],[0.718604,-0.0648644,0.692388]],"s":25.6986,"t":[244.173,-443.723,904.571],"timestamp":170780895}|{"hands":[{"direction":[-0.036441,0.298666,-0.715112],"id":5,"palmNormal":[-0.086237,-0.584987,-0.165],"palmPosition":[-33.9654,198.497,-246.412],"palmVelocity":[-135.438,252.244,-446.835],"r":[[1,0,0],[0,1,0],[0,0,1]],"s":1,"sphereCenter":[-27.4037,380.727,-158.495],"sphereRadius":266.404,"t":[-3.92833,1.00279,-0.723267]},{"direction":[0.331228,0.299715,-0.894624],"id":1,"palmNormal":[0.218819,-0.946647,-0.236364],"palmPosition":[-27.0501,309.644,33.6615],"palmVelocity":[-5.75589,-14.4306,17.5775],"r":[[0.00616221,-0.98275,0.184838],[0.904187,0.0844218,0.418712],[-0.427093,0.164548,0.889109]],"s":0.974174,"sphereCenter":[-29.5553,327.753,-17.8195],"sphereRadius":59.0845,"t":[-160.027,112.217,-98.8992]}],"id":36554,"pointables":[{"direction":[-0.0693754,-0.0796677,-0.994404],"handId":1,"id":7,"length":61.5117,"tipPosition":[-21.9434,373.145,-67.4059],"tipVelocity":[3.53147,-28.4634,57.4166],"tool":false}],"r":[[0.695383,0.104944,-0.710936],[-0.0320326,0.992823,0.115223],[0.717925,-0.0573509,0.693754]],"s":25.7063,"t":[244.193,-443.726,904.783],"timestamp":170790240}|{"hands":[{"direction":[-0.00873018,0.303375,-0.750229],"id":5,"palmNormal":[-0.0961872,-0.665757,-0.207225],"palmPosition":[-32.9974,196.939,-244.654],"palmVelocity":[103.57,-166.718,188.165],"r":[[1,0,0],[0,1,0],[0,0,1]],"s":1,"sphereCenter":[-24.7158,384.233,-169.425],"sphereRadius":261.632,"t":[-3.95008,1.55899,-1.77355]},{"direction":[0.329807,0.30099,-0.89472],"id":1,"palmNormal":[0.220875,-0.94583,-0.237722],"palmPosition":[-26.8861,309.789,33.2759],"palmVelocity":[17.539,15.5537,-41.2534],"r":[[0.00616221,-0.98275,0.184838],[0.904187,0.0844218,0.418712],[-0.427093,0.164548,0.889109]],"s":0.974174,"sphereCenter":[-29.5319,327.942,-17.7859],"sphereRadius":58.9978,"t":[-160.035,112.179,-99.0038]}],"id":36556,"pointables":[{"direction":[-0.0695215,-0.0775035,-0.994565],"handId":1,"id":7,"length":61.5804,"tipPosition":[-21.9791,373.071,-67.8271],"tipVelocity":[-3.82011,-7.90182,-45.0718],"tool":false}],"r":[[0.695417,0.104922,-0.710906],[-0.0352664,0.993074,0.112069],[0.717741,-0.0528632,0.694301]],"s":25.7103,"t":[244.186,-443.764,904.679],"timestamp":170799586}|{"hands":[{"direction":[0.0490002,0.21817,-0.774672],"id":5,"palmNormal":[-0.085389,-0.735662,-0.106565],"palmPosition":[-29.1712,190.956,-232.912],"palmVelocity":[409.442,-640.243,1256.44],"r":[[1,0,0],[0,1,0],[0,0,1]],"s":1,"sphereCenter":[-24.4454,343.949,-190.942],"sphereRadius":234.453,"t":[-2.04784,-1.15444,3.57201]},{"direction":[0.329921,0.297465,-0.895826],"id":1,"palmNormal":[0.218746,-0.947476,-0.232936],"palmPosition":[-26.8126,309.765,33.0727],"palmVelocity":[7.86717,-2.62523,-21.7468],"r":[[0.00616221,-0.98275,0.184838],[0.904187,0.0844218,0.418712],[-0.427093,0.164548,0.889109]],"s":0.974174,"sphereCenter":[-29.4303,327.496,-18.0855],"sphereRadius":59.0706,"t":[-160.052,112.114,-99.0248]}],"id":36558,"pointables":[{"direction":[-0.0697859,-0.074184,-0.9948],"handId":1,"id":7,"length":61.5416,"tipPosition":[-22.0062,372.979,-67.7644],"tipVelocity":[-2.89739,-9.83192,6.71203],"tool":false}],"r":[[0.693793,0.103944,-0.712633],[-0.0320374,0.993004,0.113648],[0.719461,-0.0560176,0.69227]],"s":25.7045,"t":[244.168,-443.829,904.658],"timestamp":170808931}|{"hands":[{"direction":[0.040698,0.265553,-0.787492],"id":5,"palmNormal":[-0.0729368,-0.763047,-0.200544],"palmPosition":[-28.7681,191.246,-234.742],"palmVelocity":[43.1527,31.0002,-195.865],"r":[[1,0,0],[0,1,0],[0,0,1]],"s":1,"sphereCenter":[-24.1257,346.087,-186.934],"sphereRadius":230.504,"t":[-0.895174,-2.36637,5.33001]},{"direction":[0.329075,0.299086,-0.895602],"id":1,"palmNormal":[0.219373,-0.946683,-0.235588],"palmPosition":[-26.6928,309.961,32.7751],"palmVelocity":[12.8253,20.9903,-31.8604],"r":[[0.00616221,-0.98275,0.184838],[0.904187,0.0844218,0.418712],[-0.427093,0.164548,0.889109]],"s":0.974174,"sphereCenter":[-29.4009,327.596,-18.1733],"sphereRadius":59.0335,"t":[-160.081,112.287,-99.0387]}],"id":36560,"pointables":[{"direction":[-0.0703018,-0.0693567,-0.995112],"handId":1,"id":7,"length":61.4068,"tipPosition":[-22.0459,373.389,-67.7714],"tipVelocity":[-4.25554,43.953,-0.744857],"tool":false}],"r":[[0.692358,0.103099,-0.71415],[-0.029745,0.992976,0.114515],[0.72094,-0.0580428,0.690562]],"s":25.7019,"t":[244.14,-443.657,904.644],"timestamp":170818272}|{"hands":[{"direction":[0.0483306,0.301031,-0.800191],"id":5,"palmNormal":[-0.0767489,-0.786163,-0.268529],"palmPosition":[-31.4525,192.389,-237.019],"palmVelocity":[-287.381,122.421,-243.789],"r":[[1,0,0],[0,1,0],[0,0,1]],"s":1,"sphereCenter":[-22.4279,366.445,-177.126],"sphereRadius":245.034,"t":[-1.66105,-2.40057,5.07039]},{"direction":[0.329624,0.299912,-0.895134],"id":1,"palmNormal":[0.217558,-0.946633,-0.237497],"palmPosition":[-26.6253,310.137,32.6002],"palmVelocity":[7.23121,18.9315,-18.7278],"r":[[0.00616221,-0.98275,0.184838],[0.904187,0.0844218,0.418712],[-0.427093,0.164548,0.889109]],"s":0.974174,"sphereCenter":[-29.8911,328.898,-17.2896],"sphereRadius":58.7944,"t":[-160.105,112.328,-99.0905]}],"id":36562,"pointables":[{"direction":[-0.0702893,-0.0715924,-0.994954],"handId":1,"id":7,"length":61.4086,"tipPosition":[-22.066,373.3,-67.861],"tipVelocity":[-2.14798,-9.58895,-9.59809],"tool":false}],"r":[[0.692404,0.103076,-0.714109],[-0.0292842,0.992942,0.114929],[0.720916,-0.0586654,0.690535]],"s":25.7016,"t":[244.115,-443.615,904.592],"timestamp":170827613}|{"hands":[{"direction":[0.0364635,0.331541,-0.811261],"id":5,"palmNormal":[-0.07622,-0.805268,-0.319821],"palmPosition":[-32.3328,194.154,-240.672],"palmVelocity":[-94.1928,188.876,-390.931],"r":[[1,0,0],[0,1,0],[0,0,1]],"s":1,"sphereCenter":[-22.69,397.785,-154.989],"sphereRadius":275.001,"t":[-2.48411,-1.53514,3.11396]},{"direction":[0.331099,0.298988,-0.894902],"id":1,"palmNormal":[0.218225,-0.947012,-0.235404],"palmPosition":[-26.5966,310.239,32.6104],"palmVelocity":[3.07289,10.8528,1.09523],"r":[[0.00616221,-0.98275,0.184838],[0.904187,0.0844218,0.418712],[-0.427093,0.164548,0.889109]],"s":0.974174,"sphereCenter":[-29.6583,328.34,-18.2204],"sphereRadius":58.9075,"t":[-160.143,112.584,-99.1533]}],"id":36564,"pointables":[{"direction":[-0.0709569,-0.0676824,-0.99518],"handId":1,"id":7,"length":61.3827,"tipPosition":[-22.1185,373.77,-67.9348],"tipVelocity":[-5.62217,50.3554,-7.89722],"tool":false}],"r":[[0.692801,0.103287,-0.713694],[-0.0305365,0.993004,0.114067],[0.720482,-0.0572316,0.691108]],"s":25.7042,"t":[244.077,-443.359,904.529],"timestamp":170836958}|{"hands":[{"direction":[0.0799032,0.345188,-0.81816],"id":5,"palmNormal":[-0.0801006,-0.822849,-0.353218],"palmPosition":[-32.8804,194.242,-240.643],"palmVelocity":[-58.5993,9.37359,3.2021],"r":[[1,0,0],[0,1,0],[0,0,1]],"s":1,"sphereCenter":[-23.0823,408.236,-150.69],"sphereRadius":282.094,"t":[-3.16947,-1.05863,2.1507]},{"direction":[0.329371,0.299077,-0.895511],"id":1,"palmNormal":[0.21726,-0.947018,-0.236325],"palmPosition":[-26.559,310.304,32.5619],"palmVelocity":[4.01879,6.96667,-5.18949],"r":[[0.00616221,-0.98275,0.184838],[0.904187,0.0844218,0.418712],[-0.427093,0.164548,0.889109]],"s":0.974174,"sphereCenter":[-29.3839,327.481,-19.2036],"sphereRadius":59.0164,"t":[-160.161,112.81,-99.125]}],"id":36566,"pointables":[{"direction":[-0.0714353,-0.0621179,-0.995509],"handId":1,"id":7,"length":61.3239,"tipPosition":[-22.1156,373.966,-67.8155],"tipVelocity":[0.314545,20.9295,12.7691],"tool":false}],"r":[[0.693375,0.103589,-0.713092],[-0.03164,0.993035,0.11349],[0.719882,-0.0561292,0.691823]],"s":25.7059,"t":[244.059,-443.133,904.557],"timestamp":170846304}|{"hands":[{"direction":[0.115578,0.361014,-0.822106],"id":5,"palmNormal":[-0.0803847,-0.833664,-0.384497],"palmPosition":[-33.7901,195.08,-241.882],"palmVelocity":[-97.3398,89.7061,-132.599],"r":[[1,0,0],[0,1,0],[0,0,1]],"s":1,"sphereCenter":[-23.6727,419.221,-142.381],"sphereRadius":291.024,"t":[-3.96697,-0.401219,1.04951]},{"direction":[0.330412,0.298591,-0.895297],"id":1,"palmNormal":[0.217059,-0.94729,-0.235464],"palmPosition":[-26.5615,310.197,32.5845],"palmVelocity":[-0.268149,-11.4639,2.41703],"r":[[0.00616221,-0.98275,0.184838],[0.904187,0.0844218,0.418712],[-0.427093,0.164548,0.889109]],"s":0.974174,"sphereCenter":[-29.4046,327.727,-18.6806],"sphereRadius":58.8945,"t":[-160.13,113.01,-98.9093]}],"id":36568,"pointables":[{"direction":[-0.0717484,-0.0540002,-0.99596],"handId":1,"id":7,"length":61.247,"tipPosition":[-22.0354,374.14,-67.4122],"tipVelocity":[8.58079,18.6093,43.1569],"tool":false}],"r":[[0.694215,0.104051,-0.712208],[-0.033354,0.993083,0.112575],[0.718995,-0.054396,0.692883]],"s":25.7079,"t":[244.091,-442.933,904.773],"timestamp":170855649}|{"hands":[{"direction":[0.153784,0.359346,-0.829264],"id":5,"palmNormal":[-0.0833205,-0.85133,-0.389462],"palmPosition":[-33.2106,195.925,-243.472],"palmVelocity":[61.9988,90.3908,-170.206],"r":[[1,0,0],[0,1,0],[0,0,1]],"s":1,"sphereCenter":[-23.7948,440.86,-125.436],"sphereRadius":312.938,"t":[-4.076,0.349881,-0.296461]},{"direction":[0.326231,0.298621,-0.896772],"id":1,"palmNormal":[0.214001,-0.947445,-0.237576],"palmPosition":[-26.4824,310.346,32.4542],"palmVelocity":[8.46734,15.9468,-13.9427],"r":[[0.00616221,-0.98275,0.184838],[0.904187,0.0844218,0.418712],[-0.427093,0.164548,0.889109]],"s":0.974174,"sphereCenter":[-29.4021,327.905,-18.6761],"sphereRadius":58.7852,"t":[-160.1,113.169,-98.9103]}],"id":36570,"pointables":[{"direction":[-0.0727758,-0.0443936,-0.99636],"handId":1,"id":7,"length":61.2661,"tipPosition":[-22.0067,374.258,-67.63],"tipVelocity":[3.06883,12.6095,-23.3045],"tool":false}],"r":[[0.69465,0.104323,-0.711742],[-0.0352205,0.993174,0.111199],[0.718485,-0.0521768,0.693583]],"s":25.7104,"t":[244.12,-442.774,904.772],"timestamp":170864995}|{"hands":[{"direction":[0.120988,0.378129,-0.836962],"id":5,"palmNormal":[-0.0901555,-0.857024,-0.408079],"palmPosition":[-35.1136,195.274,-241.215],"palmVelocity":[-203.61,-69.6983,241.553],"r":[[1,0,0],[0,1,0],[0,0,1]],"s":1,"sphereCenter":[-25.4796,402.373,-152.548],"sphereRadius":279.24,"t":[-5.08199,0.399731,0.159329]},{"direction":[0.328441,0.297347,-0.896387],"id":1,"palmNormal":[0.210955,-0.948398,-0.236469],"palmPosition":[-26.4605,310.454,32.4038],"palmVelocity":[2.33556,11.5845,-5.39679],"r":[[0.00616221,-0.98275,0.184838],[0.904187,0.0844218,0.418712],[-0.427093,0.164548,0.889109]],"s":0.974174,"sphereCenter":[-29.3286,328.011,-18.5347],"sphereRadius":58.7612,"t":[-160.041,113.051,-98.9759]}],"id":36572,"pointables":[{"direction":[-0.0729075,-0.0432558,-0.9964],"handId":1,"id":7,"length":61.1956,"tipPosition":[-21.9192,373.863,-67.7603],"tipVelocity":[9.35856,-42.1899,-13.9406],"tool":false}],"r":[[0.695869,0.104962,-0.710457],[-0.0362775,0.993137,0.111192],[0.717252,-0.0516012,0.694901]],"s":25.7103,"t":[244.179,-442.892,904.707],"timestamp":170874341}|{"hands":[{"direction":[0.330092,0.295272,-0.896464],"id":1,"palmNormal":[0.212683,-0.948997,-0.232405],"palmPosition":[-26.4332,310.42,32.3946],"palmVelocity":[2.92422,-3.66163,-0.983913],"r":[[0.00616221,-0.98275,0.184838],[0.904187,0.0844218,0.418712],[-0.427093,0.164548,0.889109]],"s":0.974174,"sphereCenter":[-28.9937,327.004,-19.6158],"sphereRadius":58.9826,"t":[-159.973,112.835,-99.0603]}],"id":36574,"pointables":[{"direction":[-0.0730596,-0.0422931,-0.99643],"handId":1,"id":7,"length":61.2242,"tipPosition":[-21.841,373.548,-67.8634],"tipVelocity":[8.377,-33.7398,-11.035],"tool":false}],"r":[[0.696842,0.105473,-0.709427],[-0.0371231,0.993106,0.111184],[0.716263,-0.0511415,0.695954]],"s":25.7103,"t":[244.248,-443.109,904.622],"timestamp":170883681}|{"hands":[{"direction":[0.122674,0.394511,-0.841662],"id":5,"palmNormal":[-0.0874673,-0.859173,-0.427601],"palmPosition":[-34.9007,192.425,-236.188],"palmVelocity":[11.3901,-152.434,269.043],"r":[[1,0,0],[0,1,0],[0,0,1]],"s":1,"sphereCenter":[-26.3274,382.824,-162.949],"sphereRadius":257.412,"t":[0,0,0]},{"direction":[0.33296,0.29497,-0.895493],"id":1,"palmNormal":[0.213788,-0.949029,-0.231322],"palmPosition":[-26.4417,310.256,32.5378],"palmVelocity":[-0.904606,-17.5609,15.33],"r":[[0.00616221,-0.98275,0.184838],[0.904187,0.0844218,0.418712],[-0.427093,0.164548,0.889109]],"s":0.974174,"sphereCenter":[-28.8339,327.036,-19.8911],"sphereRadius":58.8763,"t":[-159.915,112.825,-99.1275]}],"id":36576,"pointables":[{"direction":[-0.0738938,-0.0388559,-0.996509],"handId":1,"id":7,"length":61.3,"tipPosition":[-21.7932,373.745,-67.9135],"tipVelocity":[5.10987,21.0221,-5.36767],"tool":false}],"r":[[0.697586,0.10577,-0.708651],[-0.0355671,0.992937,0.113189],[0.715617,-0.0537548,0.696421]],"s":25.7069,"t":[244.306,-443.119,904.555],"timestamp":170893027}|{"hands":[{"direction":[0.0955411,0.404601,-0.848917],"id":5,"palmNormal":[-0.083155,-0.865756,-0.433802],"palmPosition":[-33.8338,191.738,-234.983],"palmVelocity":[114.176,-73.5074,128.922],"r":[[1,0,0],[0,1,0],[0,0,1]],"s":1,"sphereCenter":[-27.0366,353.07,-181.166],"sphereRadius":232.331,"t":[0.533486,-0.343463,0.602387]},{"direction":[0.333127,0.294265,-0.895681],"id":1,"palmNormal":[0.213112,-0.949306,-0.230865],"palmPosition":[-26.546,309.982,32.8584],"palmVelocity":[-11.1613,-29.3043,34.3051],"r":[[0.00616221,-0.98275,0.184838],[0.904187,0.0844218,0.418712],[-0.427093,0.164548,0.889109]],"s":0.974174,"sphereCenter":[-29.0615,327.255,-19.2155],"sphereRadius":59.0331,"t":[-159.854,112.753,-99.1962]}],"id":36578,"pointables":[{"direction":[-0.073964,-0.0395073,-0.996478],"handId":1,"id":7,"length":61.3816,"tipPosition":[-21.7301,373.611,-67.9836],"tipVelocity":[6.75922,-14.3366,-7.49512],"tool":false}],"r":[[0.697681,0.105717,-0.708566],[-0.0337332,0.992803,0.114909],[0.715614,-0.0562678,0.696226]],"s":25.7038,"t":[244.366,-443.191,904.486],"timestamp":170902372}|{"hands":[{"direction":[0.33241,0.293754,-0.896129],"id":1,"palmNormal":[0.213794,-0.949298,-0.230314],"palmPosition":[-26.6449,309.855,33.1513],"palmVelocity":[-10.586,-13.6105,31.3425],"r":[[0.00616221,-0.98275,0.184838],[0.904187,0.0844218,0.418712],[-0.427093,0.164548,0.889109]],"s":0.974174,"sphereCenter":[-29.2713,328.488,-17.9021],"sphereRadius":59.1188,"t":[-159.796,112.692,-99