{"hands":[],"id":74721,"pointables":[],"r":[[-0.0757755,-0.574509,0.814983],[-0.90564,0.381646,0.18483],[-0.417221,-0.724076,-0.549218]],"s":0.821324,"t":[310.366,-1601.06,-1182.63],"timestamp":649415243}|{"hands":[],"id":74722,"pointables":[],"r":[[-0.0757755,-0.574509,0.814983],[-0.90564,0.381646,0.18483],[-0.417221,-0.724076,-0.549218]],"s":0.821324,"t":[310.366,-1601.06,-1182.63],"timestamp":649423934}|{"hands":[],"id":74723,"pointables":[],"r":[[-0.0757755,-0.574509,0.814983],[-0.90564,0.381646,0.18483],[-0.417221,-0.724076,-0.549218]],"s":0.821324,"t":[310.366,-1601.06,-1182.63],"timestamp":649432625}|{"hands":[],"id":74726,"pointables":[],"r":[[-0.0757755,-0.574509,0.814983],[-0.90564,0.381646,0.18483],[-0.417221,-0.724076,-0.549218]],"s":0.821324,"t":[310.366,-1601.06,-1182.63],"timestamp":649458696}|{"hands":[],"id":74727,"pointables":[],"r":[[-0.0757755,-0.574509,0.814983],[-0.90564,0.381646,0.18483],[-0.417221,-0.724076,-0.549218]],"s":0.821324,"t":[310.366,-1601.06,-1182.63],"timestamp":649467387}|{"hands":[],"id":74728,"pointables":[],"r":[[-0.0757755,-0.574509,0.814983],[-0.90564,0.381646,0.18483],[-0.417221,-0.724076,-0.549218]],"s":0.821324,"t":[310.366,-1601.06,-1182.63],"timestamp":649476078}|{"hands":[],"id":74729,"pointables":[],"r":[[-0.0757755,-0.574509,0.814983],[-0.90564,0.381646,0.18483],[-0.417221,-0.724076,-0.549218]],"s":0.821324,"t":[310.366,-1601.06,-1182.63],"timestamp":649484768}|{"hands":[],"id":74730,"pointables":[],"r":[[-0.0757755,-0.574509,0.814983],[-0.90564,0.381646,0.18483],[-0.417221,-0.724076,-0.549218]],"s":0.821324,"t":[310.366,-1601.06,-1182.63],"timestamp":649493459}|{"hands":[],"id":74731,"pointables":[],"r":[[-0.0757755,-0.574509,0.814983],[-0.90564,0.381646,0.18483],[-0.417221,-0.724076,-0.549218]],"s":0.821324,"t":[310.366,-1601.06,-1182.63],"timestamp":649502149}|{"hands":[],"id":74732,"pointables":[],"r":[[-0.0757755,-0.574509,0.814983],[-0.90564,0.381646,0.18483],[-0.417221,-0.724076,-0.549218]],"s":0.821324,"t":[310.366,-1601.06,-1182.63],"timestamp":649510840}|{"hands":[],"id":74733,"pointables":[],"r":[[-0.0757755,-0.574509,0.814983],[-0.90564,0.381646,0.18483],[-0.417221,-0.724076,-0.549218]],"s":0.821324,"t":[310.366,-1601.06,-1182.63],"timestamp":649519531}|{"hands":[],"id":74734,"pointables":[],"r":[[-0.0757755,-0.574509,0.814983],[-0.90564,0.381646,0.18483],[-0.417221,-0.724076,-0.549218]],"s":0.821324,"t":[310.366,-1601.06,-1182.63],"timestamp":649528221}|{"hands":[],"id":74735,"pointables":[],"r":[[-0.0757755,-0.574509,0.814983],[-0.90564,0.381646,0.18483],[-0.417221,-0.724076,-0.549218]],"s":0.821324,"t":[310.366,-1601.06,-1182.63],"timestamp":649536912}|{"hands":[],"id":74736,"pointables":[],"r":[[-0.0757755,-0.574509,0.814983],[-0.90564,0.381646,0.18483],[-0.417221,-0.724076,-0.549218]],"s":0.821324,"t":[310.366,-1601.06,-1182.63],"timestamp":649545602}|{"hands":[],"id":74737,"pointables":[],"r":[[-0.0757755,-0.574509,0.814983],[-0.90564,0.381646,0.18483],[-0.417221,-0.724076,-0.549218]],"s":0.821324,"t":[310.366,-1601.06,-1182.63],"timestamp":649554293}|{"hands":[],"id":74738,"pointables":[],"r":[[-0.0757755,-0.574509,0.814983],[-0.90564,0.381646,0.18483],[-0.417221,-0.724076,-0.549218]],"s":0.821324,"t":[310.366,-1601.06,-1182.63],"timestamp":649562984}|{"hands":[],"id":74739,"pointables":[],"r":[[-0.0757755,-0.574509,0.814983],[-0.90564,0.381646,0.18483],[-0.417221,-0.724076,-0.549218]],"s":0.821324,"t":[310.366,-1601.06,-1182.63],"timestamp":649571674}|{"hands":[],"id":74740,"pointables":[],"r":[[-0.0757755,-0.574509,0.814983],[-0.90564,0.381646,0.18483],[-0.417221,-0.724076,-0.549218]],"s":0.821324,"t":[310.366,-1601.06,-1182.63],"timestamp":649580365}|{"hands":[],"id":74741,"pointables":[],"r":[[-0.0757755,-0.574509,0.814983],[-0.90564,0.381646,0.18483],[-0.417221,-0.724076,-0.549218]],"s":0.821324,"t":[310.366,-1601.06,-1182.63],"timestamp":649589055}|{"hands":[],"id":74742,"pointables":[],"r":[[-0.0757755,-0.574509,0.814983],[-0.90564,0.381646,0.18483],[-0.417221,-0.724076,-0.549218]],"s":0.821324,"t":[310.366,-1601.06,-1182.63],"timestamp":649597746}|{"hands":[],"id":74743,"pointables":[],"r":[[-0.0757755,-0.574509,0.814983],[-0.90564,0.381646,0.18483],[-0.417221,-0.724076,-0.549218]],"s":0.821324,"t":[310.366,-1601.06,-1182.63],"timestamp":649606437}|{"hands":[],"id":74744,"pointables":[],"r":[[-0.0757755,-0.574509,0.814983],[-0.90564,0.381646,0.18483],[-0.417221,-0.724076,-0.549218]],"s":0.821324,"t":[310.366,-1601.06,-1182.63],"timestamp":649615127}|{"hands":[],"id":74745,"pointables":[],"r":[[-0.0757755,-0.574509,0.814983],[-0.90564,0.381646,0.18483],[-0.417221,-0.724076,-0.549218]],"s":0.821324,"t":[310.366,-1601.06,-1182.63],"timestamp":649623818}|{"hands":[],"id":74746,"pointables":[],"r":[[-0.0757755,-0.574509,0.814983],[-0.90564,0.381646,0.18483],[-0.417221,-0.724076,-0.549218]],"s":0.821324,"t":[310.366,-1601.06,-1182.63],"timestamp":649632508}|{"hands":[],"id":74747,"pointables":[],"r":[[-0.0757755,-0.574509,0.814983],[-0.90564,0.381646,0.18483],[-0.417221,-0.724076,-0.549218]],"s":0.821324,"t":[310.366,-1601.06,-1182.63],"timestamp":649641199}|{"hands":[],"id":74748,"pointables":[],"r":[[-0.0757755,-0.574509,0.814983],[-0.90564,0.381646,0.18483],[-0.417221,-0.724076,-0.549218]],"s":0.821324,"t":[310.366,-1601.06,-1182.63],"timestamp":649649890}|{"hands":[],"id":74749,"pointables":[],"r":[[-0.0757755,-0.574509,0.814983],[-0.90564,0.381646,0.18483],[-0.417221,-0.724076,-0.549218]],"s":0.821324,"t":[310.366,-1601.06,-1182.63],"timestamp":649658580}|{"hands":[],"id":74750,"pointables":[],"r":[[-0.0757755,-0.574509,0.814983],[-0.90564,0.381646,0.18483],[-0.417221,-0.724076,-0.549218]],"s":0.821324,"t":[310.366,-1601.06,-1182.63],"timestamp":649667271}|{"hands":[],"id":74751,"pointables":[],"r":[[-0.0757755,-0.574509,0.814983],[-0.90564,0.381646,0.18483],[-0.417221,-0.724076,-0.549218]],"s":0.821324,"t":[310.366,-1601.06,-1182.63],"timestamp":649675961}|{"hands":[],"id":74752,"pointables":[],"r":[[-0.0757755,-0.574509,0.814983],[-0.90564,0.381646,0.18483],[-0.417221,-0.724076,-0.549218]],"s":0.821324,"t":[310.366,-1601.06,-1182.63],"timestamp":649684652}|{"hands":[],"id":74753,"pointables":[],"r":[[-0.0757755,-0.574509,0.814983],[-0.90564,0.381646,0.18483],[-0.417221,-0.724076,-0.549218]],"s":0.821324,"t":[310.366,-1601.06,-1182.63],"timestamp":649693343}|{"hands":[],"id":74754,"pointables":[],"r":[[-0.0757755,-0.574509,0.814983],[-0.90564,0.381646,0.18483],[-0.417221,-0.724076,-0.549218]],"s":0.821324,"t":[310.366,-1601.06,-1182.63],"timestamp":649702033}|{"hands":[],"id":74755,"pointables":[],"r":[[-0.0757755,-0.574509,0.814983],[-0.90564,0.381646,0.18483],[-0.417221,-0.724076,-0.549218]],"s":0.821324,"t":[310.366,-1601.06,-1182.63],"timestamp":649710724}|{"hands":[],"id":74756,"pointables":[],"r":[[-0.0757755,-0.574509,0.814983],[-0.90564,0.381646,0.18483],[-0.417221,-0.724076,-0.549218]],"s":0.821324,"t":[310.366,-1601.06,-1182.63],"timestamp":649719414}|{"hands":[],"id":74757,"pointables":[],"r":[[-0.0757755,-0.574509,0.814983],[-0.90564,0.381646,0.18483],[-0.417221,-0.724076,-0.549218]],"s":0.821324,"t":[310.366,-1601.06,-1182.63],"timestamp":649728105}|{"hands":[],"id":74758,"pointables":[],"r":[[-0.0757755,-0.574509,0.814983],[-0.90564,0.381646,0.18483],[-0.417221,-0.724076,-0.549218]],"s":0.821324,"t":[310.366,-1601.06,-1182.63],"timestamp":649736796}|{"hands":[],"id":74759,"pointables":[],"r":[[-0.0757755,-0.574509,0.814983],[-0.90564,0.381646,0.18483],[-0.417221,-0.724076,-0.549218]],"s":0.821324,"t":[310.366,-1601.06,-1182.63],"timestamp":649745486}|{"hands":[],"id":74760,"pointables":[],"r":[[-0.0757755,-0.574509,0.814983],[-0.90564,0.381646,0.18483],[-0.417221,-0.724076,-0.549218]],"s":0.821324,"t":[310.366,-1601.06,-1182.63],"timestamp":649754177}|{"hands":[],"id":74761,"pointables":[],"r":[[-0.0757755,-0.574509,0.814983],[-0.90564,0.381646,0.18483],[-0.417221,-0.724076,-0.549218]],"s":0.821324,"t":[310.366,-1601.06,-1182.63],"timestamp":649762867}|{"hands":[],"id":74762,"pointables":[],"r":[[-0.0757755,-0.574509,0.814983],[-0.90564,0.381646,0.18483],[-0.417221,-0.724076,-0.549218]],"s":0.821324,"t":[310.366,-1601.06,-1182.63],"timestamp":649771558}|{"hands":[],"id":74763,"pointables":[],"r":[[-0.0757755,-0.574509,0.814983],[-0.90564,0.381646,0.18483],[-0.417221,-0.724076,-0.549218]],"s":0.821324,"t":[310.366,-1601.06,-1182.63],"timestamp":649780249}|{"hands":[],"id":74764,"pointables":[],"r":[[-0.0757755,-0.574509,0.814983],[-0.90564,0.381646,0.18483],[-0.417221,-0.724076,-0.549218]],"s":0.821324,"t":[310.366,-1601.06,-1182.63],"timestamp":649788939}|{"hands":[],"id":74765,"pointables":[],"r":[[-0.0757755,-0.574509,0.814983],[-0.90564,0.381646,0.18483],[-0.417221,-0.724076,-0.549218]],"s":0.821324,"t":[310.366,-1601.06,-1182.63],"timestamp":649797630}|{"hands":[],"id":74766,"pointables":[],"r":[[-0.0757755,-0.574509,0.814983],[-0.90564,0.381646,0.18483],[-0.417221,-0.724076,-0.549218]],"s":0.821324,"t":[310.366,-1601.06,-1182.63],"timestamp":649806320}|{"hands":[],"id":74767,"pointables":[],"r":[[-0.0757755,-0.574509,0.814983],[-0.90564,0.381646,0.18483],[-0.417221,-0.724076,-0.549218]],"s":0.821324,"t":[310.366,-1601.06,-1182.63],"timestamp":649815011}|{"hands":[],"id":74768,"pointables":[],"r":[[-0.0757755,-0.574509,0.814983],[-0.90564,0.381646,0.18483],[-0.417221,-0.724076,-0.549218]],"s":0.821324,"t":[310.366,-1601.06,-1182.63],"timestamp":649823702}|{"hands":[],"id":74769,"pointables":[],"r":[[-0.0757755,-0.574509,0.814983],[-0.90564,0.381646,0.18483],[-0.417221,-0.724076,-0.549218]],"s":0.821324,"t":[310.366,-1601.06,-1182.63],"timestamp":649832392}|{"hands":[],"id":74770,"pointables":[],"r":[[-0.0757755,-0.574509,0.814983],[-0.90564,0.381646,0.18483],[-0.417221,-0.724076,-0.549218]],"s":0.821324,"t":[310.366,-1601.06,-1182.63],"timestamp":649841083}|{"hands":[],"id":74771,"pointables":[],"r":[[-0.0757755,-0.574509,0.814983],[-0.90564,0.381646,0.18483],[-0.417221,-0.724076,-0.549218]],"s":0.821324,"t":[310.366,-1601.06,-1182.63],"timestamp":649849773}|{"hands":[],"id":74772,"pointables":[],"r":[[-0.0757755,-0.574509,0.814983],[-0.90564,0.381646,0.18483],[-0.417221,-0.724076,-0.549218]],"s":0.821324,"t":[310.366,-1601.06,-1182.63],"timestamp":649858464}|{"hands":[],"id":74773,"pointables":[],"r":[[-0.0757755,-0.574509,0.814983],[-0.90564,0.381646,0.18483],[-0.417221,-0.724076,-0.549218]],"s":0.821324,"t":[310.366,-1601.06,-1182.63],"timestamp":649867155}|{"hands":[],"id":74774,"pointables":[],"r":[[-0.0757755,-0.574509,0.814983],[-0.90564,0.381646,0.18483],[-0.417221,-0.724076,-0.549218]],"s":0.821324,"t":[310.366,-1601.06,-1182.63],"timestamp":649875845}|{"hands":[],"id":74775,"pointables":[],"r":[[-0.0757755,-0.574509,0.814983],[-0.90564,0.381646,0.18483],[-0.417221,-0.724076,-0.549218]],"s":0.821324,"t":[310.366,-1601.06,-1182.63],"timestamp":649884536}|{"hands":[],"id":74776,"pointables":[],"r":[[-0.0757755,-0.574509,0.814983],[-0.90564,0.381646,0.18483],[-0.417221,-0.724076,-0.549218]],"s":0.821324,"t":[310.366,-1601.06,-1182.63],"timestamp":649893226}|{"hands":[],"id":74777,"pointables":[],"r":[[-0.0757755,-0.574509,0.814983],[-0.90564,0.381646,0.18483],[-0.417221,-0.724076,-0.549218]],"s":0.821324,"t":[310.366,-1601.06,-1182.63],"timestamp":649901917}|{"hands":[],"id":74778,"pointables":[],"r":[[-0.0757755,-0.574509,0.814983],[-0.90564,0.381646,0.18483],[-0.417221,-0.724076,-0.549218]],"s":0.821324,"t":[310.366,-1601.06,-1182.63],"timestamp":649910608}|{"hands":[],"id":74779,"pointables":[],"r":[[-0.0757755,-0.574509,0.814983],[-0.90564,0.381646,0.18483],[-0.417221,-0.724076,-0.549218]],"s":0.821324,"t":[310.366,-1601.06,-1182.63],"timestamp":649919298}|{"hands":[],"id":74780,"pointables":[],"r":[[-0.0757755,-0.574509,0.814983],[-0.90564,0.381646,0.18483],[-0.417221,-0.724076,-0.549218]],"s":0.821324,"t":[310.366,-1601.06,-1182.63],"timestamp":649927989}|{"hands":[],"id":74781,"pointables":[],"r":[[-0.0757755,-0.574509,0.814983],[-0.90564,0.381646,0.18483],[-0.417221,-0.724076,-0.549218]],"s":0.821324,"t":[310.366,-1601.06,-1182.63],"timestamp":649936679}|{"hands":[{"direction":[0.824489,0.433602,-0.276752],"id":2,"palmNormal":[-0.0707645,-0.438055,-0.814195],"palmPosition":[31.4469,182.91,195.815],"palmVelocity":[-1723.29,-558.872,-201.992],"r":[[1,0,0],[0,1,0],[0,0,1]],"s":1,"sphereCenter":[62.3383,184.933,177.727],"sphereRadius":76.2936,"t":[0,0,0]}],"id":74782,"pointables":[],"r":[[-0.0757755,-0.574509,0.814983],[-0.90564,0.381646,0.18483],[-0.417221,-0.724076,-0.549218]],"s":0.821324,"t":[307.371,-1602.04,-1182.98],"timestamp":649945370}|{"hands":[{"direction":[0.813535,0.451265,-0.288986],"id":2,"palmNormal":[-0.098001,-0.414836,-0.836169],"palmPosition":[5.15774,173.467,196.166],"palmVelocity":[-3024.87,-1086.57,40.386],"r":[[1,0,0],[0,1,0],[0,0,1]],"s":1,"sphereCenter":[48.8512,177.009,171.796],"sphereRadius":80.1413,"t":[-5.25783,-1.88867,0.070199]}],"id":74783,"pointables":[],"r":[[-0.0757755,-0.574509,0.814983],[-0.90564,0.381646,0.18483],[-0.417221,-0.724076,-0.549218]],"s":0.821324,"t":[299.716,-1604.7,-1183.19],"timestamp":649954061}|{"hands":[{"direction":[0.810722,0.458329,-0.297087],"id":2,"palmNormal":[-0.124431,-0.387439,-0.855318],"palmPosition":[4.79492,172.258,193.643],"palmVelocity":[-41.752,-139.09,-290.305],"r":[[1,0,0],[0,1,0],[0,0,1]],"s":1,"sphereCenter":[42.9172,174.196,163.842],"sphereRadius":82.6854,"t":[-9.53666,-3.64134,-0.378191]}],"id":74784,"pointables":[],"r":[[-0.0757755,-0.574509,0.814983],[-0.90564,0.381646,0.18483],[-0.417221,-0.724076,-0.549218]],"s":0.821324,"t":[293.52,-1607.08,-1183.86],"timestamp":649962751}|{"hands":[{"direction":[0.812332,0.469026,-0.283295],"id":2,"palmNormal":[-0.148054,-0.308808,-0.877879],"palmPosition":[2.35226,173.206,192.205],"palmVelocity":[-281.057,109.016,-165.424],"r":[[1,0,0],[0,1,0],[0,0,1]],"s":1,"sphereCenter":[37.9064,176.558,160.267],"sphereRadius":82.3139,"t":[-13.4483,-4.85399,-1.02444]}],"id":74785,"pointables":[],"r":[[-0.0757755,-0.574509,0.814983],[-0.90564,0.381646,0.18483],[-0.417221,-0.724076,-0.549218]],"s":0.821324,"t":[288.075,-1608.79,-1184.69],"timestamp":649971442}|{"hands":[{"direction":[0.802848,0.479664,-0.297825],"id":2,"palmNormal":[-0.159098,-0.319555,-0.883984],"palmPosition":[-3.42324,174.007,190.901],"palmVelocity":[-664.614,92.2309,-150.084],"r":[[1,0,0],[0,1,0],[0,0,1]],"s":1,"sphereCenter":[29.1037,172.057,162.232],"sphereRadius":82.251,"t":[-17.7326,-5.66381,-1.80229]}],"id":74786,"pointables":[],"r":[[-0.0757755,-0.574509,0.814983],[-0.90564,0.381646,0.18483],[-0.417221,-0.724076,-0.549218]],"s":0.821324,"t":[282.564,-1609.99,-1185.61],"timestamp":649980132}|{"hands":[],"id":74787,"pointables":[],"r":[[-0.0757755,-0.574509,0.814983],[-0.90564,0.381646,0.18483],[-0.417221,-0.724076,-0.549218]],"s":0.821324,"t":[278.155,-1610.96,-1186.35],"timestamp":649988823}|{"hands":[],"id":74788,"pointables":[],"r":[[-0.0757755,-0.574509,0.814983],[-0.90564,0.381646,0.18483],[-0.417221,-0.724076,-0.549218]],"s":0.821324,"t":[274.628,-1611.73,-1186.94],"timestamp":649997514}|{"hands":[{"direction":[0.798282,0.483645,-0.310364],"id":2,"palmNormal":[-0.225636,-0.238079,-0.880939],"palmPosition":[59.1824,203.347,171.494],"palmVelocity":[2401.26,1125.34,-744.351],"r":[[1,0,0],[0,1,0],[0,0,1]],"s":1,"sphereCenter":[41.2753,182.427,161.387],"sphereRadius":82.0995,"t":[0,0,0]}],"id":74789,"pointables":[],"r":[[-0.0757755,-0.574509,0.814983],[-0.90564,0.381646,0.18483],[-0.417221,-0.724076,-0.549218]],"s":0.821324,"t":[284.327,-1606.48,-1191.29],"timestamp":650006204}|{"hands":[{"direction":[0.79472,0.475881,-0.332755],"id":2,"palmNormal":[-0.265497,-0.229414,-0.88163],"palmPosition":[58.3164,206.849,160.582],"palmVelocity":[-99.6469,402.928,-1255.57],"r":[[1,0,0],[0,1,0],[0,0,1]],"s":1,"sphereCenter":[41.0925,188.492,147.192],"sphereRadius":85.863,"t":[-0.173206,0.700369,-2.18244]}],"id":74790,"pointables":[],"r":[[-0.0757755,-0.574509,0.814983],[-0.90564,0.381646,0.18483],[-0.417221,-0.724076,-0.549218]],"s":0.821324,"t":[291.913,-1601.58,-1196.96],"timestamp":650014895}|{"hands":[{"direction":[0.777584,0.466577,-0.372988],"id":2,"palmNormal":[-0.329756,-0.225014,-0.862143],"palmPosition":[74.2079,215.8,148.255],"palmVelocity":[1828.71,1030.01,-1418.58],"r":[[1,0,0],[0,1,0],[0,0,1]],"s":1,"sphereCenter":[53.7251,198.126,136.542],"sphereRadius":85.936,"t":[2.86653,3.05081,-6.39388]}],"id":74791,"pointables":[],"r":[[-0.0757755,-0.574509,0.814983],[-0.90564,0.381646,0.18483],[-0.417221,-0.724076,-0.549218]],"s":0.821324,"t":[301.161,-1595.87,-1203.95],"timestamp":650023585}|{"hands":[{"direction":[0.766616,0.458628,-0.403172],"id":2,"palmNormal":[-0.371868,-0.226192,-0.851865],"palmPosition":[76.6102,223.133,140.799],"palmVelocity":[276.415,843.741,-857.837],"r":[[1,0,0],[0,1,0],[0,0,1]],"s":1,"sphereCenter":[60.6154,203.91,127.165],"sphereRadius":86.8251,"t":[5.77878,6.39776,-11.2541]}],"id":74792,"pointables":[],"r":[[-0.0757755,-0.574509,0.814983],[-0.90564,0.381646,0.18483],[-0.417221,-0.724076,-0.549218]],"s":0.821324,"t":[309.039,-1589.84,-1211.04],"timestamp":650032276}|{"hands":[{"direction":[0.750764,0.454766,-0.434326],"id":2,"palmNormal":[-0.393796,-0.260607,-0.838167],"palmPosition":[77.9737,231.27,138.255],"palmVelocity":[156.881,936.3,-292.702],"r":[[1,0,0],[0,1,0],[0,0,1]],"s":1,"sphereCenter":[68.9271,212.279,124.143],"sphereRadius":84.6177,"t":[8.38126,10.7028,-15.6511]}],"id":74793,"pointables":[],"r":[[-0.0757755,-0.574509,0.814983],[-0.90564,0.381646,0.18483],[-0.417221,-0.724076,-0.549218]],"s":0.821324,"t":[315.614,-1583.38,-1217.22],"timestamp":650040967}|{"hands":[{"direction":[0.74026,0.454501,-0.455304],"id":2,"palmNormal":[-0.405806,-0.281668,-0.833392],"palmPosition":[76.0263,233.978,132.646],"palmVelocity":[-224.095,311.569,-645.464],"r":[[1,0,0],[0,1,0],[0,0,1]],"s":1,"sphereCenter":[73.5419,216.579,117.154],"sphereRadius":85.4481,"t":[10.0738,14.6883,-20.2905]}],"id":74794,"pointables":[],"r":[[-0.0757755,-0.574509,0.814983],[-0.90564,0.381646,0.18483],[-0.417221,-0.724076,-0.549218]],"s":0.821324,"t":[320.485,-1577.68,-1223.29],"timestamp":650049657}|{"hands":[{"direction":[0.739287,0.446347,-0.469241],"id":2,"palmNormal":[-0.405702,-0.304956,-0.831755],"palmPosition":[77.4493,243.302,130.955],"palmVelocity":[163.74,1072.86,-194.606],"r":[[1,0,0],[0,1,0],[0,0,1]],"s":1,"sphereCenter":[76.1998,221.539,114.872],"sphereRadius":83.6316,"t":[11.7124,19.7416,-24.3403]}],"id":74795,"pointables":[],"r":[[-0.0757755,-0.574509,0.814983],[-0.90564,0.381646,0.18483],[-0.417221,-0.724076,-0.549218]],"s":0.821324,"t":[324.666,-1571.25,-1228.48],"timestamp":650058348}|{"hands":[{"direction":[0.73371,0.458757,-0.470259],"id":2,"palmNormal":[-0.385098,-0.320064,-0.840653],"palmPosition":[81.2015,250.175,125.754],"palmVelocity":[431.784,790.884,-598.478],"r":[[1,0,0],[0,1,0],[0,0,1]],"s":1,"sphereCenter":[84.2936,231.661,124.354],"sphereRadius":85.0229,"t":[13.7737,25.1588,-28.6203]}],"id":74796,"pointables":[],"r":[[-0.0757755,-0.574509,0.814983],[-0.90564,0.381646,0.18483],[-0.417221,-0.724076,-0.549218]],"s":0.821324,"t":[328.762,-1564.73,-1233.67],"timestamp":650067038}|{"hands":[{"direction":[0.732128,0.464582,-0.471525],"id":2,"palmNormal":[-0.368553,-0.334678,-0.846609],"palmPosition":[79.6286,253.635,121.013],"palmVelocity":[-180.982,398.129,-545.521],"r":[[1,0,0],[0,1,0],[0,0,1]],"s":1,"sphereCenter":[87.8604,236.9,121.709],"sphereRadius":82.4629,"t":[15.1082,30.1845,-32.9925]}],"id":74797,"pointables":[],"r":[[-0.0757755,-0.574509,0.814983],[-0.90564,0.381646,0.18483],[-0.417221,-0.724076,-0.549218]],"s":0.821324,"t":[331.723,-1558.82,-1238.77],"timestamp":650075729}|{"hands":[{"direction":[0.728066,0.47503,-0.470674],"id":2,"palmNormal":[-0.342081,-0.355804,-0.850881],"palmPosition":[47.9439,242.283,129.49],"palmVelocity":[-3645.7,-1306.15,975.349],"r":[[1,0,0],[0,1,0],[0,0,1]],"s":1,"sphereCenter":[74.8867,222.049,103.566],"sphereRadius":96.5823,"t":[9.83887,31.9348,-34.7949]}],"id":74798,"pointables":[],"r":[[-0.0757755,-0.574509,0.814983],[-0.90564,0.381646,0.18483],[-0.417221,-0.724076,-0.549218]],"s":0.821324,"t":[327.756,-1556.37,-1241.16],"timestamp":650084420}|{"hands":[{"direction":[0.726542,0.470738,-0.480134],"id":2,"palmNormal":[-0.344924,-0.370382,-0.846964],"palmPosition":[59.0873,247.548,118.94],"palmVelocity":[1282.33,605.904,-1214.08],"r":[[1,0,0],[0,1,0],[0,0,1]],"s":1,"sphereCenter":[76.751,226.71,97.9335],"sphereRadius":94.8645,"t":[7.85207,34.3881,-38.3469]}],"id":74799,"pointables":[],"r":[[-0.0757755,-0.574509,0.814983],[-0.90564,0.381646,0.18483],[-0.417221,-0.724076,-0.549218]],"s":0.821324,"t":[326.811,-1553.35,-1245.18],"timestamp":650093110}|{"hands":[{"direction":[0.717813,0.482916,-0.482867],"id":2,"palmNormal":[-0.331067,-0.383973,-0.848912],"palmPosition":[63.2031,256.884,113.176],"palmVelocity":[473.57,1074.19,-663.17],"r":[[1,0,0],[0,1,0],[0,0,1]],"s":1,"sphereCenter":[78.93,235.216,100.51],"sphereRadius":91.8548,"t":[7.0858,38.2179,-42.3412]}],"id":74800,"pointables":[],"r":[[-0.0757755,-0.574509,0.814983],[-0.90564,0.381646,0.18483],[-0.417221,-0.724076,-0.549218]],"s":0.821324,"t":[326.878,-1549.07,-1249.55],"timestamp":650101801}|{"hands":[{"direction":[0.709963,0.481471,-0.496987],"id":2,"palmNormal":[-0.332832,-0.408229,-0.838106],"palmPosition":[73.3839,263.669,103.613],"palmVelocity":[1171.55,780.813,-1100.51],"r":[[1,0,0],[0,1,0],[0,0,1]],"s":1,"sphereCenter":[80.0752,242.901,97.1493],"sphereRadius":88.1327,"t":[8.50893,42.6387,-47.4494]}],"id":74801,"pointables":[],"r":[[-0.0757755,-0.574509,0.814983],[-0.90564,0.381646,0.18483],[-0.417221,-0.724076,-0.549218]],"s":0.821324,"t":[328.967,-1544.29,-1254.96],"timestamp":650110491}|{"hands":[{"direction":[0.70218,0.484612,-0.50656],"id":2,"palmNormal":[-0.327269,-0.428278,-0.831844],"palmPosition":[76.5616,270.954,96.5108],"palmVelocity":[365.627,838.147,-817.13],"r":[[1,0,0],[0,1,0],[0,0,1]],"s":1,"sphereCenter":[79.9363,249.178,91.9145],"sphereRadius":85.3998,"t":[10.283,47.6323,-52.9562]}],"id":74802,"pointables":[],"r":[[-0.0757755,-0.574509,0.814983],[-0.90564,0.381646,0.18483],[-0.417221,-0.724076,-0.549218]],"s":0.821324,"t":[331.274,-1539.01,-1260.7],"timestamp":650119182}|{"hands":[{"direction":[0.694435,0.489311,-0.51419],"id":2,"palmNormal":[-0.318406,-0.446697,-0.826936],"palmPosition":[76.5437,278.852,89.9806],"palmVelocity":[-2.0594,908.84,-751.385],"r":[[1,0,0],[0,1,0],[0,0,1]],"s":1,"sphereCenter":[80.8016,257.853,91.0047],"sphereRadius":82.804,"t":[11.6986,53.2069,-58.6677]}],"id":74803,"pointables":[],"r":[[-0.0757755,-0.574509,0.814983],[-0.90564,0.381646,0.18483],[-0.417221,-0.724076,-0.549218]],"s":0.821324,"t":[333.117,-1533.2,-1266.6],"timestamp":650127873}|{"hands":[{"direction":[0.689594,0.494708,-0.517256],"id":2,"palmNormal":[-0.308683,-0.457094,-0.826554],"palmPosition":[76.5434,285.654,83.8155],"palmVelocity":[-0.0337601,782.703,-709.443],"r":[[1,0,0],[0,1,0],[0,0,1]],"s":1,"sphereCenter":[79.9308,264.169,85.7738],"sphereRadius":80.8129,"t":[12.8311,59.0269,-64.47]}],"id":74804,"pointables":[],"r":[[-0.0757755,-0.574509,0.814983],[-0.90564,0.381646,0.18483],[-0.417221,-0.724076,-0.549218]],"s":0.821324,"t":[334.59,-1527.2,-1272.56],"timestamp":650136563}|{"hands":[{"direction":[0.684875,0.496824,-0.522947],"id":2,"palmNormal":[-0.300306,-0.472705,-0.82184],"palmPosition":[73.9994,290.388,78.1302],"palmVelocity":[-292.722,544.728,-654.159],"r":[[1,0,0],[0,1,0],[0,0,1]],"s":1,"sphereCenter":[78.5133,271.411,76.3561],"sphereRadius":80.1452,"t":[13.2283,64.6298,-70.2488]}],"id":74805,"pointables":[],"r":[[-0.0757755,-0.574509,0.814983],[-0.90564,0.381646,0.18483],[-0.417221,-0.724076,-0.549218]],"s":0.821324,"t":[335.261,-1521.45,-1278.46],"timestamp":650145254}|{"hands":[{"direction":[0.677072,0.511004,-0.519571],"id":2,"palmNormal":[-0.288096,-0.469854,-0.828903],"palmPosition":[71.9672,300.46,71.9578],"palmVelocity":[-233.848,1158.99,-710.292],"r":[[1,0,0],[0,1,0],[0,0,1]],"s":1,"sphereCenter":[77.1422,280.327,68.9207],"sphereRadius":78.5893,"t":[13.1396,71.1264,-76.1064]}],"id":74806,"pointables":[],"r":[[-0.0757755,-0.574509,0.814983],[-0.90564,0.381646,0.18483],[-0.417221,-0.724076,-0.549218]],"s":0.821324,"t":[335.39,-1514.83,-1284.42],"timestamp":650153944}|{"hands":[{"direction":[0.671477,0.516872,-0.52221],"id":2,"palmNormal":[-0.275441,-0.482971,-0.826246],"palmPosition":[65.6003,307.016,67.9183],"palmVelocity":[-732.59,754.381,-464.788],"r":[[1,0,0],[0,1,0],[0,0,1]],"s":1,"sphereCenter":[73.5593,287.332,62.806],"sphereRadius":77.4833,"t":[11.7952,77.6349,-81.6003]}],"id":74807,"pointables":[],"r":[[-0.0757755,-0.574509,0.814983],[-0.90564,0.381646,0.18483],[-0.417221,-0.724076,-0.549218]],"s":0.821324,"t":[334.221,-1508.23,-1289.99],"timestamp":650162635}|{"hands":[{"direction":[0.661475,0.52503,-0.527213],"id":2,"palmNormal":[-0.268939,-0.493294,-0.82312],"palmPosition":[59.1572,314.266,62.4823],"palmVelocity":[-741.351,834.187,-625.469],"r":[[1,0,0],[0,1,0],[0,0,1]],"s":1,"sphereCenter":[67.5633,291.576,51.6023],"sphereRadius":78.4915,"t":[9.43112,84.2917,-87.0827]}],"id":74808,"pointables":[],"r":[[-0.0757755,-0.574509,0.814983],[-0.90564,0.381646,0.18483],[-0.417221,-0.724076,-0.549218]],"s":0.821324,"t":[331.996,-1501.49,-1295.53],"timestamp":650171326}|{"hands":[{"direction":[0.648402,0.532929,-0.535274],"id":2,"palmNormal":[-0.261386,-0.508977,-0.816251],"palmPosition":[49.6862,319.621,58.9778],"palmVelocity":[-1089.87,616.225,-403.287],"r":[[1,0,0],[0,1,0],[0,0,1]],"s":1,"sphereCenter":[61.1396,298.012,45.6537],"sphereRadius":77.9563,"t":[5.64566,90.6882,-92.1695]}],"id":74809,"pointables":[],"r":[[-0.0757755,-0.574509,0.814983],[-0.90564,0.381646,0.18483],[-0.417221,-0.724076,-0.549218]],"s":0.821324,"t":[328.323,-1495.04,-1300.67],"timestamp":650180016}|{"hands":[{"direction":[0.634803,0.540972,-0.543235],"id":2,"palmNormal":[-0.26525,-0.514812,-0.812126],"palmPosition":[40.9385,325.768,53.4701],"palmVelocity":[-1006.53,707.24,-633.724],"r":[[1,0,0],[0,1,0],[0,0,1]],"s":1,"sphereCenter":[53.8367,303.78,39.1212],"sphereRadius":77.1172,"t":[0.867739,97.0347,-97.3405]}],"id":74810,"pointables":[],"r":[[-0.0757755,-0.574509,0.814983],[-0.90564,0.381646,0.18483],[-0.417221,-0.724076,-0.549218]],"s":0.821324,"t":[323.634,-1488.64,-1305.88],"timestamp":650188707}|{"hands":[{"direction":[0.620841,0.5452,-0.554711],"id":2,"palmNormal":[-0.27538,-0.522524,-0.804086],"palmPosition":[31.02,330.628,48.2996],"palmVelocity":[-1141.37,559.329,-594.995],"r":[[1,0,0],[0,1,0],[0,0,1]],"s":1,"sphereCenter":[44.7236,308.105,31.5861],"sphereRadius":77.3203,"t":[-4.93829,103.084,-102.511]}],"id":74811,"pointables":[],"r":[[-0.0757755,-0.574509,0.814983],[-0.90564,0.381646,0.18483],[-0.417221,-0.724076,-0.549218]],"s":0.821324,"t":[317.9,-1482.55,-1311.09],"timestamp":650197397}|{"hands":[{"direction":[0.607873,0.54962,-0.564658],"id":2,"palmNormal":[-0.284315,-0.527671,-0.797996],"palmPosition":[20.5165,335.807,43.3134],"palmVelocity":[-1208.55,595.877,-573.719],"r":[[1,0,0],[0,1,0],[0,0,1]],"s":1,"sphereCenter":[35.8657,313.866,25.3834],"sphereRadius":76.6348,"t":[-11.6838,108.959,-107.645]}],"id":74812,"pointables":[],"r":[[-0.0757755,-0.574509,0.814983],[-0.90564,0.381646,0.18483],[-0.417221,-0.724076,-0.549218]],"s":0.821324,"t":[311.212,-1476.65,-1316.25],"timestamp":650206088}|{"hands":[{"direction":[0.590447,0.553314,-0.578402],"id":2,"palmNormal":[-0.296159,-0.536823,-0.787451],"palmPosition":[9.99896,338.583,39.609],"palmVelocity":[-1210.17,319.379,-426.234],"r":[[1,0,0],[0,1,0],[0,0,1]],"s":1,"sphereCenter":[27.1775,319.494,21.8802],"sphereRadius":75.3546,"t":[-19.1838,114.214,-112.493]}],"id":74813,"pointables":[],"r":[[-0.0757755,-0.574509,0.814983],[-0.90564,0.381646,0.18483],[-0.417221,-0.724076,-0.549218]],"s":0.821324,"t":[303.757,-1471.37,-1321.11],"timestamp":650214779}|{"hands":[{"direction":[0.57239,0.546028,-0.600574],"id":2,"palmNormal":[-0.300633,-0.566777,-0.761737],"palmPosition":[-12.674,327.268,52.7916],"palmVelocity":[-2609.08,-1302.03,1516.98],"r":[[1,0,0],[0,1,0],[0,0,1]],"s":1,"sphereCenter":[11.6723,310.764,22.6364],"sphereRadius":78.5571,"t":[-29.7183,116.156,-113.735]}],"id":74814,"pointables":[],"r":[[-0.0757755,-0.574509,0.814983],[-0.90564,0.381646,0.18483],[-0.417221,-0.724076,-0.549218]],"s":0.821324,"t":[293.26,-1469.41,-1322.37],"timestamp":650223469}|{"hands":[{"direction":[0.546941,0.553941,-0.614759],"id":2,"palmNormal":[-0.311436,-0.574129,-0.752612],"palmPosition":[-18.2454,339.6,38.1748],"palmVelocity":[-641.054,1418.86,-1681.83],"r":[[1,0,0],[0,1,0],[0,0,1]],"s":1,"sphereCenter":[1.53056,315.856,14.6623],"sphereRadius":78.4271,"t":[-39.2602,120.175,-117.652]}],"id":74815,"pointables":[],"r":[[-0.0757755,-0.574509,0.814983],[-0.90564,0.381646,0.18483],[-0.417221,-0.724076,-0.549218]],"s":0.821324,"t":[283.747,-1465.37,-1326.3],"timestamp":650232160}|{"hands":[{"direction":[0.533276,0.552042,-0.628821],"id":2,"palmNormal":[-0.313938,-0.58894,-0.740407],"palmPosition":[-27.7881,347.601,28.8429],"palmVelocity":[-1098.12,920.717,-1073.87],"r":[[1,0,0],[0,1,0],[0,0,1]],"s":1,"sphereCenter":[-6.80807,324.511,10.6122],"sphereRadius":76.048,"t":[-48.8023,124.991,-122.652]}],"id":74816,"pointables":[],"r":[[-0.0757755,-0.574509,0.814983],[-0.90564,0.381646,0.18483],[-0.417221,-0.724076,-0.549218]],"s":0.821324,"t":[274.228,-1460.54,-1331.31],"timestamp":650240850}|{"hands":[{"direction":[0.505018,0.55511,-0.64666],"id":2,"palmNormal":[-0.31343,-0.609479,-0.723438],"palmPosition":[-39.9136,352.729,22.5089],"palmVelocity":[-1395.18,590.032,-728.791],"r":[[1,0,0],[0,1,0],[0,0,1]],"s":1,"sphereCenter":[-13.5584,337.615,11.1228],"sphereRadius":74.5545,"t":[-58.861,129.869,-127.919]}],"id":74817,"pointables":[],"r":[[-0.0757755,-0.574509,0.814983],[-0.90564,0.381646,0.18483],[-0.417221,-0.724076,-0.549218]],"s":0.821324,"t":[264.188,-1455.66,-1336.59],"timestamp":650249541}|{"hands":[{"direction":[0.482244,0.555124,-0.663127],"id":2,"palmNormal":[-0.303737,-0.632685,-0.706799],"palmPosition":[-53.1753,356.072,17.9315],"palmVelocity":[-1525.92,384.685,-526.692],"r":[[1,0,0],[0,1,0],[0,0,1]],"s":1,"sphereCenter":[-25.0022,342.307,7.31165],"sphereRadius":72.8424,"t":[-69.5604,134.44,-133.048]}],"id":74818,"pointables":[],"r":[[-0.0757755,-0.574509,0.814983],[-0.90564,0.381646,0.18483],[-0.417221,-0.724076,-0.549218]],"s":0.821324,"t":[253.504,-1451.08,-1341.72],"timestamp":650258232}|{"hands":[{"direction":[0.455531,0.554545,-0.680826],"id":2,"palmNormal":[-0.299938,-0.654017,-0.688502],"palmPosition":[-67.5973,356.003,16.7892],"palmVelocity":[-1659.61,-7.8891,-131.447],"r":[[1,0,0],[0,1,0],[0,0,1]],"s":1,"sphereCenter":[-38.4968,342.071,2.58781],"sphereRadius":73.05,"t":[-81.0042,138.083,-137.379]}],"id":74819,"pointables":[],"r":[[-0.0757755,-0.574509,0.814983],[-0.90564,0.381646,0.18483],[-0.417221,-0.724076,-0.549218]],"s":0.821324,"t":[242.072,-1447.43,-1346.06],"timestamp":650266922}|{"hands":[{"direction":[0.432073,0.552088,-0.697485],"id":2,"palmNormal":[-0.29445,-0.674312,-0.671007],"palmPosition":[-82.292,355.935,15.8051],"palmVelocity":[-1690.79,-7.81198,-113.229],"r":[[1,0,0],[0,1,0],[0,0,1]],"s":1,"sphereCenter":[-49.8642,347.378,0.835034],"sphereRadius":71.8055,"t":[-93.0983,140.984,-141.041]}],"id":74820,"pointables":[],"r":[[-0.0757755,-0.574509,0.814983],[-0.90564,0.381646,0.18483],[-0.417221,-0.724076,-0.549218]],"s":0.821324,"t":[229.988,-1444.52,-1349.73],"timestamp":650275613}|{"hands":[{"direction":[0.393929,0.552622,-0.71569],"id":2,"palmNormal":[-0.292699,-0.694443,-0.650745],"palmPosition":[-95.5182,354.323,15.5743],"palmVelocity":[-1522.01,-185.591,-26.5603],"r":[[1,0,0],[0,1,0],[0,0,1]],"s":1,"sphereCenter":[-58.3711,358.439,4.41964],"sphereRadius":73.6425,"t":[-105.419,142.983,-144.017]}],"id":74821,"pointables":[],"r":[[-0.0757755,-0.574509,0.814983],[-0.90564,0.381646,0.18483],[-0.417221,-0.724076,-0.549218]],"s":0.821324,"t":[217.675,-1442.52,-1352.71],"timestamp":650284303}|{"hands":[{"direction":[0.348819,0.554826,-0.732393],"id":2,"palmNormal":[-0.294974,-0.711498,-0.631196],"palmPosition":[-110.843,353.656,16.1248],"palmVelocity":[-1763.27,-76.7281,63.3387],"r":[[1,0,0],[0,1,0],[0,0,1]],"s":1,"sphereCenter":[-71.3428,360.81,3.24911],"sphereRadius":71.7678,"t":[-118.34,144.448,-146.287]}],"id":74822,"pointables":[],"r":[[-0.0757755,-0.574509,0.814983],[-0.90564,0.381646,0.18483],[-0.417221,-0.724076,-0.549218]],"s":0.821324,"t":[204.76,-1441.05,-1354.98],"timestamp":650292994}|{"hands":[{"direction":[0.31356,0.553518,-0.748093],"id":2,"palmNormal":[-0.303145,-0.72438,-0.612824],"palmPosition":[-123.397,353.111,15.2465],"palmVelocity":[-1444.48,-62.6872,-101.062],"r":[[1,0,0],[0,1,0],[0,0,1]],"s":1,"sphereCenter":[-85.474,358.447,0.531008],"sphereRadius":70.5545,"t":[-132.669,142.76,-146.361]}],"id":74823,"pointables":[{"direction":[0.0171509,0.263227,-0.964581],"handId":2,"id":4,"length":30.3094,"tipPosition":[-168.498,397.637,-21.4635],"tipVelocity":[-1810.68,-556.875,244.333],"tool":false}],"r":[[-0.0757755,-0.574509,0.814983],[-0.90564,0.381646,0.18483],[-0.417221,-0.724076,-0.549218]],"s":0.821324,"t":[190.434,-1442.74,-1355.05],"timestamp":650301685}|{"hands":[{"direction":[0.275676,0.552569,-0.762295],"id":2,"palmNormal":[-0.319565,-0.733214,-0.593698],"palmPosition":[-136.457,353.265,14.1941],"palmVelocity":[-1502.86,17.7348,-121.094],"r":[[1,0,0],[0,1,0],[0,0,1]],"s":1,"sphereCenter":[-98.1142,360.275,1.70047],"sphereRadius":70.0558,"t":[-148.983,139.34,-145.308]}],"id":74824,"pointables":[{"direction":[-0.0101894,0.22122,-0.975171],"handId":2,"id":4,"length":31.6135,"tipPosition":[-186.796,392.485,-19.2838],"tipVelocity":[-2105.66,-592.939,250.831],"tool":false}],"r":[[-0.0757755,-0.574509,0.814983],[-0.90564,0.381646,0.18483],[-0.417221,-0.724076,-0.549218]],"s":0.821324,"t":[174.122,-1446.15,-1354],"timestamp":650310375}|{"hands":[{"direction":[0.232299,0.550454,-0.775794],"id":2,"palmNormal":[-0.346891,-0.739517,-0.568354],"palmPosition":[-148.334,352.036,14.6303],"palmVelocity":[-1366.64,-141.383,50.1891],"r":[[0.999996,-0.00231425,-0.00142503],[0.00231236,0.999996,-0.00132829],[0.0014281,0.00132499,0.999998]],"s":1.00846,"sphereCenter":[-107.31,367.62,7.74763],"sphereRadius":74.3065,"t":[-166.931,135.693,-142.869]}],"id":74825,"pointables":[{"direction":[-0.135499,0.572273,-0.808792],"handId":2,"id":12,"length":50.796,"tipPosition":[-141.373,379.618,-58.1902],"tipVelocity":[-2120.45,-399.784,392.946],"tool":false},{"direction":[-0.0733313,0.262741,-0.962076],"handId":2,"id":4,"length":32.8234,"tipPosition":[-207.532,388.208,-15.0477],"tipVelocity":[-2385.91,-492.086,487.417],"tool":false}],"r":[[-0.0730863,-0.574355,0.815338],[-0.90526,0.381276,0.187438],[-0.418524,-0.724393,-0.547806]],"s":0.829785,"t":[156.175,-1449.8,-1351.56],"timestamp":650319066}|{"hands":[{"direction":[0.185579,0.527627,-0.798405],"id":2,"palmNormal":[-0.373565,-0.760536,-0.512726],"palmPosition":[-157.934,346.775,17.4227],"palmVelocity":[-1104.73,-605.385,321.333],"r":[[0.999931,-0.0114066,-0.0026945],[0.0113872,0.99991,-0.00709681],[0.00277521,0.00706564,0.999971]],"s":1.02268,"sphereCenter":[-120.855,362.637,9.13645],"sphereRadius":73.2864,"t":[-185.191,132.04,-139.622]}],"id":74826,"pointables":[{"direction":[-0.197138,0.564771,-0.801355],"handId":2,"id":12,"length":52.1466,"tipPosition":[-158.831,377.643,-54.8067],"tipVelocity":[-2009,-227.324,389.361],"tool":false},{"direction":[-0.129821,0.23706,-0.962782],"handId":2,"id":4,"length":33.974,"tipPosition":[-227.22,382.867,-10.324],"tipVelocity":[-2265.68,-614.661,543.579],"tool":false}],"r":[[-0.0642659,-0.576826,0.814335],[-0.903482,0.380162,0.197983],[-0.423781,-0.723014,-0.545583]],"s":0.844007,"t":[137.914,-1453.45,-1348.32],"timestamp":650327756}|{"hands":[{"direction":[0.128307,0.480544,-0.825223],"id":2,"palmNormal":[-0.367307,-0.801372,-0.428095],"palmPosition":[-163.516,335.94,24.0272],"palmVelocity":[-642.213,-1246.75,759.922],"r":[[0.99974,-0.0227163,0.00178992],[0.0227403,0.999632,-0.0147628],[-0.0014539,0.0147997,0.999889]],"s":1.03847,"sphereCenter":[-133.627,357.996,11.2369],"sphereRadius":72.2625,"t":[-201.929,127.99,-135.163]}],"id":74827,"pointables":[{"direction":[-0.247048,0.532908,-0.809306],"handId":2,"id":12,"length":51.2102,"tipPosition":[-173.944,374.234,-50.5736],"tipVelocity":[-1738.93,-392.201,487.066],"tool":false},{"direction":[-0.166297,0.1497,-0.974646],"handId":2,"id":4,"length":34.4486,"tipPosition":[-242.535,377.381,-3.21396],"tipVelocity":[-1762.12,-631.131,818.086],"tool":false}],"r":[[-0.0557942,-0.584247,0.809656],[-0.900897,0.379049,0.21144],[-0.430433,-0.717619,-0.547495]],"s":0.859791,"t":[121.177,-1457.5,-1343.86],"timestamp":650336447}|{"hands":[{"direction":[0.0792495,0.430667,-0.84965],"id":2,"palmNormal":[-0.3541,-0.837114,-0.350848],"palmPosition":[-172.311,328.801,34.4192],"palmVelocity":[-1011.96,-821.425,1195.72],"r":[[0.999482,-0.0317339,0.00544624],[0.0318409,0.999275,-0.0208535],[-0.00478053,0.0210161,0.999768]],"s":1.04954,"sphereCenter":[-148.759,343.871,11.658],"sphereRadius":73.0815,"t":[-216.135,122.972,-129.806]}],"id":74828,"pointables":[{"direction":[-0.286977,0.468471,-0.835571],"handId":2,"id":12,"length":51.9208,"tipPosition":[-185.62,368.249,-44.3181],"tipVelocity":[-1343.45,-688.664,719.76],"tool":false}],"r":[[-0.0490534,-0.590157,0.805797],[-0.898725,0.378061,0.222177],[-0.43576,-0.713291,-0.548934]],"s":0.870865,"t":[106.971,-1462.52,-1338.5],"timestamp":650345138}|{"hands":[{"direction":[0.01316,0.388206,-0.863835],"id":2,"palmNormal":[-0.341838,-0.865792,-0.281346],"palmPosition":[-180.186,323.554,39.2472],"palmVelocity":[-906.265,-603.793,555.581],"r":[[0.999207,-0.0389276,0.00841487],[0.0391322,0.998904,-0.0256983],[-0.00740527,0.0260072,0.999634]],"s":1.05731,"sphereCenter":[-157.462,341.334,14.8262],"sphereRadius":71.5159,"t":[-229.169,118.974,-124.507]}],"id":74829,"pointables":[{"direction":[-0.334547,0.414499,-0.846327],"handId":2,"id":12,"length":53.8414,"tipPosition":[-197.481,365.27,-39.0775],"tipVelocity":[-1364.84,-342.763,603.061],"tool":false}],"r":[[-0.0436848,-0.594867,0.802636],[-0.896922,0.377209,0.230748],[-0.440026,-0.709822,-0.550027]],"s":0.87863,"t":[93.9372,-1466.52,-1333.2],"timestamp":650353828}|{"hands":[{"direction":[0.0041292,0.334065,-0.886404],"id":2,"palmNormal":[-0.32705,-0.889382,-0.222854],"palmPosition":[-188.329,319.406,47.3836],"palmVelocity":[-936.942,-477.321,936.182],"r":[[0.998719,-0.0483281,0.0150071],[0.04881,0.998243,-0.0336074],[-0.0133565,0.0342969,0.999322]],"s":1.14996,"sphereCenter":[-172.766,330.04,17.0059],"sphereRadius":72.9809,"t":[-241.713,113.049,-115.448]}],"id":74830,"pointables":[{"direction":[-0.426424,0.520578,-0.739703],"handId":2,"id":12,"length":60.122,"tipPosition":[-202.768,356.878,-33.0051],"tipVelocity":[-608.428,-965.624,698.706],"tool":false},{"direction":[-0.206591,0.0106389,-0.97837],"handId":2,"id":4,"length":33.0304,"tipPosition":[-261.356,370.07,16.3507],"tipVelocity":[-721.895,-280.422,750.409],"tool":false}],"r":[[-0.0377754,-0.602917,0.796909],[-0.893753,0.377085,0.242925],[-0.446966,-0.703063,-0.553104]],"s":0.971283,"t":[81.3932,-1472.45,-1324.14],"timestamp":650362519}|{"hands":[{"direction":[-0.0299958,0.269689,-0.902222],"id":2,"palmNormal":[-0.289002,-0.912946,-0.14412],"palmPosition":[-194.83,315.312,57.2535],"palmVelocity":[-748.074,-471.104,1135.79],"r":[[0.998235,-0.0558016,0.0203394],[0.0565788,0.997601,-0.0398813],[-0.0180652,0.0409617,0.998997]],"s":1.21571,"sphereCenter":[-185.32,323.757,19.1971],"sphereRadius":73.1086,"t":[-253.048,107.49,-106.227]}],"id":74831,"pointables":[],"r":[[-0.033095,-0.609325,0.79223],[-0.891139,0.376884,0.252645],[-0.452522,-0.697626,-0.555466]],"s":1.03703,"t":[70.0578,-1478,-1314.92],"timestamp":650371209}|{"hands":[{"direction":[-0.0326528,0.172968,-0.910721],"id":2,"palmNormal":[-0.217934,-0.923287,-0.0292921],"palmPosition":[-196.347,308.462,64.3599],"palmVelocity":[-174.526,-788.093,817.664]