{"hands":[],"id":73001,"pointables":[],"r":[[-0.13552,-0.582575,0.801399],[-0.892281,0.423352,0.156867],[-0.430661,-0.693815,-0.577193]],"s":0.661315,"t":[-113.18,-1472.71,-1136.72],"timestamp":634467411}|{"hands":[],"id":73002,"pointables":[],"r":[[-0.13552,-0.582575,0.801399],[-0.892281,0.423352,0.156867],[-0.430661,-0.693815,-0.577193]],"s":0.661315,"t":[-113.413,-1472.34,-1136.64],"timestamp":634476102}|{"hands":[],"id":73003,"pointables":[],"r":[[-0.13552,-0.582575,0.801399],[-0.892281,0.423352,0.156867],[-0.430661,-0.693815,-0.577193]],"s":0.661315,"t":[-113.6,-1472.04,-1136.57],"timestamp":634484793}|{"hands":[],"id":73004,"pointables":[{"direction":[-0.0707799,0.996149,0.0517483],"handId":11,"id":4,"length":39.9139,"tipPosition":[-152.882,378.07,250.459],"tipVelocity":[-38.0137,112.313,25.8202],"tool":false}],"r":[[-0.13552,-0.582575,0.801399],[-0.892281,0.423352,0.156867],[-0.430661,-0.693815,-0.577193]],"s":0.661315,"t":[-114.354,-1469.94,-1136.09],"timestamp":634493483}|{"hands":[],"id":73005,"pointables":[{"direction":[-0.0340016,0.97531,-0.218208],"handId":11,"id":4,"length":39.6587,"tipPosition":[-153.432,377.318,250.659],"tipVelocity":[-63.2404,-86.5697,23.0808],"tool":false}],"r":[[-0.13552,-0.582575,0.801399],[-0.892281,0.423352,0.156867],[-0.430661,-0.693815,-0.577193]],"s":0.661315,"t":[-115.006,-1469.27,-1135.75],"timestamp":634502174}|{"hands":[],"id":73006,"pointables":[],"r":[[-0.13552,-0.582575,0.801399],[-0.892281,0.423352,0.156867],[-0.430661,-0.693815,-0.577193]],"s":0.661315,"t":[-115.527,-1468.73,-1135.48],"timestamp":634510864}|{"hands":[],"id":73007,"pointables":[{"direction":[-0.0633047,0.997545,-0.0299441],"handId":12,"id":4,"length":39.5358,"tipPosition":[-154.548,380.289,251.443],"tipVelocity":[-64.2338,170.946,45.1116],"tool":false}],"r":[[-0.13552,-0.582575,0.801399],[-0.892281,0.423352,0.156867],[-0.430661,-0.693815,-0.577193]],"s":0.661315,"t":[-116.346,-1466.97,-1134.95],"timestamp":634519555}|{"hands":[],"id":73008,"pointables":[{"direction":[-0.0859308,0.995085,0.0492203],"handId":11,"id":4,"length":39.8042,"tipPosition":[-155.068,381.023,251.432],"tipVelocity":[-59.7576,84.4297,-1.35221],"tool":false}],"r":[[-0.13552,-0.582575,0.801399],[-0.892281,0.423352,0.156867],[-0.430661,-0.693815,-0.577193]],"s":0.661315,"t":[-117.016,-1465.73,-1134.69],"timestamp":634528246}|{"hands":[],"id":73009,"pointables":[],"r":[[-0.13552,-0.582575,0.801399],[-0.892281,0.423352,0.156867],[-0.430661,-0.693815,-0.577193]],"s":0.661315,"t":[-117.551,-1464.73,-1134.49],"timestamp":634536936}|{"hands":[],"id":73010,"pointables":[{"direction":[-0.0712418,0.990032,-0.121495],"handId":11,"id":4,"length":39.9059,"tipPosition":[-155.662,380.385,251.721],"tipVelocity":[-34.1796,-36.698,16.6355],"tool":false}],"r":[[-0.13552,-0.582575,0.801399],[-0.892281,0.423352,0.156867],[-0.430661,-0.693815,-0.577193]],"s":0.661315,"t":[-118.116,-1464.55,-1134.24],"timestamp":634545627}|{"hands":[],"id":73011,"pointables":[],"r":[[-0.13552,-0.582575,0.801399],[-0.892281,0.423352,0.156867],[-0.430661,-0.693815,-0.577193]],"s":0.661315,"t":[-118.567,-1464.41,-1134.04],"timestamp":634554317}|{"hands":[],"id":73012,"pointables":[],"r":[[-0.13552,-0.582575,0.801399],[-0.892281,0.423352,0.156867],[-0.430661,-0.693815,-0.577193]],"s":0.661315,"t":[-118.929,-1464.29,-1133.88],"timestamp":634563008}|{"hands":[],"id":73013,"pointables":[],"r":[[-0.13552,-0.582575,0.801399],[-0.892281,0.423352,0.156867],[-0.430661,-0.693815,-0.577193]],"s":0.661315,"t":[-119.218,-1464.2,-1133.75],"timestamp":634571699}|{"hands":[],"id":73014,"pointables":[],"r":[[-0.13552,-0.582575,0.801399],[-0.892281,0.423352,0.156867],[-0.430661,-0.693815,-0.577193]],"s":0.661315,"t":[-119.449,-1464.13,-1133.65],"timestamp":634580389}|{"hands":[],"id":73015,"pointables":[],"r":[[-0.13552,-0.582575,0.801399],[-0.892281,0.423352,0.156867],[-0.430661,-0.693815,-0.577193]],"s":0.661315,"t":[-119.634,-1464.07,-1133.57],"timestamp":634589080}|{"hands":[],"id":73016,"pointables":[],"r":[[-0.13552,-0.582575,0.801399],[-0.892281,0.423352,0.156867],[-0.430661,-0.693815,-0.577193]],"s":0.661315,"t":[-119.782,-1464.02,-1133.51],"timestamp":634597770}|{"hands":[],"id":73017,"pointables":[],"r":[[-0.13552,-0.582575,0.801399],[-0.892281,0.423352,0.156867],[-0.430661,-0.693815,-0.577193]],"s":0.661315,"t":[-119.901,-1463.99,-1133.45],"timestamp":634606461}|{"hands":[],"id":73018,"pointables":[],"r":[[-0.13552,-0.582575,0.801399],[-0.892281,0.423352,0.156867],[-0.430661,-0.693815,-0.577193]],"s":0.661315,"t":[-119.995,-1463.96,-1133.41],"timestamp":634615152}|{"hands":[],"id":73019,"pointables":[],"r":[[-0.13552,-0.582575,0.801399],[-0.892281,0.423352,0.156867],[-0.430661,-0.693815,-0.577193]],"s":0.661315,"t":[-120.071,-1463.93,-1133.38],"timestamp":634623842}|{"hands":[],"id":73020,"pointables":[],"r":[[-0.13552,-0.582575,0.801399],[-0.892281,0.423352,0.156867],[-0.430661,-0.693815,-0.577193]],"s":0.661315,"t":[-120.132,-1463.91,-1133.35],"timestamp":634632533}|{"hands":[],"id":73021,"pointables":[],"r":[[-0.13552,-0.582575,0.801399],[-0.892281,0.423352,0.156867],[-0.430661,-0.693815,-0.577193]],"s":0.661315,"t":[-120.18,-1463.9,-1133.33],"timestamp":634641223}|{"hands":[],"id":73022,"pointables":[],"r":[[-0.13552,-0.582575,0.801399],[-0.892281,0.423352,0.156867],[-0.430661,-0.693815,-0.577193]],"s":0.661315,"t":[-120.219,-1463.89,-1133.31],"timestamp":634649914}|{"hands":[],"id":73023,"pointables":[],"r":[[-0.13552,-0.582575,0.801399],[-0.892281,0.423352,0.156867],[-0.430661,-0.693815,-0.577193]],"s":0.661315,"t":[-120.25,-1463.88,-1133.3],"timestamp":634658605}|{"hands":[],"id":73024,"pointables":[],"r":[[-0.13552,-0.582575,0.801399],[-0.892281,0.423352,0.156867],[-0.430661,-0.693815,-0.577193]],"s":0.661315,"t":[-120.275,-1463.87,-1133.29],"timestamp":634667295}|{"hands":[],"id":73025,"pointables":[],"r":[[-0.13552,-0.582575,0.801399],[-0.892281,0.423352,0.156867],[-0.430661,-0.693815,-0.577193]],"s":0.661315,"t":[-120.295,-1463.86,-1133.28],"timestamp":634675986}|{"hands":[],"id":73026,"pointables":[],"r":[[-0.13552,-0.582575,0.801399],[-0.892281,0.423352,0.156867],[-0.430661,-0.693815,-0.577193]],"s":0.661315,"t":[-120.311,-1463.86,-1133.27],"timestamp":634684676}|{"hands":[],"id":73027,"pointables":[],"r":[[-0.13552,-0.582575,0.801399],[-0.892281,0.423352,0.156867],[-0.430661,-0.693815,-0.577193]],"s":0.661315,"t":[-120.323,-1463.85,-1133.27],"timestamp":634693367}|{"hands":[],"id":73028,"pointables":[],"r":[[-0.13552,-0.582575,0.801399],[-0.892281,0.423352,0.156867],[-0.430661,-0.693815,-0.577193]],"s":0.661315,"t":[-120.334,-1463.85,-1133.26],"timestamp":634702058}|{"hands":[],"id":73029,"pointables":[],"r":[[-0.13552,-0.582575,0.801399],[-0.892281,0.423352,0.156867],[-0.430661,-0.693815,-0.577193]],"s":0.661315,"t":[-120.342,-1463.85,-1133.26],"timestamp":634710748}|{"hands":[],"id":73030,"pointables":[],"r":[[-0.13552,-0.582575,0.801399],[-0.892281,0.423352,0.156867],[-0.430661,-0.693815,-0.577193]],"s":0.661315,"t":[-120.348,-1463.84,-1133.26],"timestamp":634719439}|{"hands":[],"id":73031,"pointables":[],"r":[[-0.13552,-0.582575,0.801399],[-0.892281,0.423352,0.156867],[-0.430661,-0.693815,-0.577193]],"s":0.661315,"t":[-120.354,-1463.84,-1133.26],"timestamp":634728129}|{"hands":[],"id":73032,"pointables":[],"r":[[-0.13552,-0.582575,0.801399],[-0.892281,0.423352,0.156867],[-0.430661,-0.693815,-0.577193]],"s":0.661315,"t":[-120.358,-1463.84,-1133.25],"timestamp":634736820}|{"hands":[],"id":73033,"pointables":[],"r":[[-0.13552,-0.582575,0.801399],[-0.892281,0.423352,0.156867],[-0.430661,-0.693815,-0.577193]],"s":0.661315,"t":[-120.361,-1463.84,-1133.25],"timestamp":634745511}|{"hands":[],"id":73034,"pointables":[],"r":[[-0.13552,-0.582575,0.801399],[-0.892281,0.423352,0.156867],[-0.430661,-0.693815,-0.577193]],"s":0.661315,"t":[-120.364,-1463.84,-1133.25],"timestamp":634754201}|{"hands":[],"id":73035,"pointables":[],"r":[[-0.13552,-0.582575,0.801399],[-0.892281,0.423352,0.156867],[-0.430661,-0.693815,-0.577193]],"s":0.661315,"t":[-120.366,-1463.84,-1133.25],"timestamp":634762892}|{"hands":[],"id":73036,"pointables":[],"r":[[-0.13552,-0.582575,0.801399],[-0.892281,0.423352,0.156867],[-0.430661,-0.693815,-0.577193]],"s":0.661315,"t":[-120.368,-1463.84,-1133.25],"timestamp":634771582}|{"hands":[],"id":73037,"pointables":[],"r":[[-0.13552,-0.582575,0.801399],[-0.892281,0.423352,0.156867],[-0.430661,-0.693815,-0.577193]],"s":0.661315,"t":[-120.369,-1463.84,-1133.25],"timestamp":634780273}|{"hands":[],"id":73038,"pointables":[],"r":[[-0.13552,-0.582575,0.801399],[-0.892281,0.423352,0.156867],[-0.430661,-0.693815,-0.577193]],"s":0.661315,"t":[-120.37,-1463.84,-1133.25],"timestamp":634788964}|{"hands":[],"id":73039,"pointables":[],"r":[[-0.13552,-0.582575,0.801399],[-0.892281,0.423352,0.156867],[-0.430661,-0.693815,-0.577193]],"s":0.661315,"t":[-120.371,-1463.84,-1133.25],"timestamp":634797654}|{"hands":[],"id":73040,"pointables":[],"r":[[-0.13552,-0.582575,0.801399],[-0.892281,0.423352,0.156867],[-0.430661,-0.693815,-0.577193]],"s":0.661315,"t":[-120.372,-1463.84,-1133.25],"timestamp":634806345}|{"hands":[],"id":73041,"pointables":[],"r":[[-0.13552,-0.582575,0.801399],[-0.892281,0.423352,0.156867],[-0.430661,-0.693815,-0.577193]],"s":0.661315,"t":[-120.372,-1463.84,-1133.25],"timestamp":634815035}|{"hands":[],"id":73042,"pointables":[],"r":[[-0.13552,-0.582575,0.801399],[-0.892281,0.423352,0.156867],[-0.430661,-0.693815,-0.577193]],"s":0.661315,"t":[-120.373,-1463.84,-1133.25],"timestamp":634823726}|{"hands":[],"id":73043,"pointables":[],"r":[[-0.13552,-0.582575,0.801399],[-0.892281,0.423352,0.156867],[-0.430661,-0.693815,-0.577193]],"s":0.661315,"t":[-120.373,-1463.84,-1133.25],"timestamp":634832417}|{"hands":[],"id":73044,"pointables":[{"direction":[0.0866127,0.387376,-0.917844],"handId":4,"id":11,"length":26.7068,"tipPosition":[-191.001,371.017,220.782],"tipVelocity":[-132.74,-62.0609,-185.332],"tool":false}],"r":[[-0.13552,-0.582575,0.801399],[-0.892281,0.423352,0.156867],[-0.430661,-0.693815,-0.577193]],"s":0.661315,"t":[-121.527,-1464.38,-1134.86],"timestamp":634841107}|{"hands":[],"id":73045,"pointables":[],"r":[[-0.13552,-0.582575,0.801399],[-0.892281,0.423352,0.156867],[-0.430661,-0.693815,-0.577193]],"s":0.661315,"t":[-122.45,-1464.81,-1136.15],"timestamp":634849798}|{"hands":[],"id":73046,"pointables":[{"direction":[0.119095,0.217914,-0.968674],"handId":4,"id":11,"length":28.0004,"tipPosition":[-192.544,368.173,215.554],"tipVelocity":[-88.7771,-163.615,-300.778],"tool":false}],"r":[[-0.13552,-0.582575,0.801399],[-0.892281,0.423352,0.156867],[-0.430661,-0.693815,-0.577193]],"s":0.661315,"t":[-123.683,-1466.45,-1139.4],"timestamp":634858488}|{"hands":[],"id":73047,"pointables":[],"r":[[-0.13552,-0.582575,0.801399],[-0.892281,0.423352,0.156867],[-0.430661,-0.693815,-0.577193]],"s":0.661315,"t":[-124.669,-1467.76,-1142.01],"timestamp":634867179}|{"hands":[],"id":73048,"pointables":[{"direction":[-0.0159622,0.40977,-0.912049],"handId":4,"id":11,"length":28.1989,"tipPosition":[-194.892,366.188,212.637],"tipVelocity":[-135.079,-114.238,-167.832],"tool":false}],"r":[[-0.13552,-0.582575,0.801399],[-0.892281,0.423352,0.156867],[-0.430661,-0.693815,-0.577193]],"s":0.661315,"t":[-126.336,-1469.4,-1144.77],"timestamp":634875870}|{"hands":[],"id":73049,"pointables":[{"direction":[-0.112197,0.742462,-0.660425],"handId":4,"id":11,"length":29.0243,"tipPosition":[-192.12,368.628,215.119],"tipVelocity":[318.992,280.832,285.628],"tool":false}],"r":[[-0.13552,-0.582575,0.801399],[-0.892281,0.423352,0.156867],[-0.430661,-0.693815,-0.577193]],"s":0.661315,"t":[-125.784,-1469.01,-1144.91],"timestamp":634884560}|{"hands":[],"id":73050,"pointables":[{"direction":[-0.126711,0.878414,-0.460796],"handId":4,"id":11,"length":28.163,"tipPosition":[-190.297,370.771,215.644],"tipVelocity":[209.684,246.559,60.4665],"tool":false}],"r":[[-0.13552,-0.582575,0.801399],[-0.892281,0.423352,0.156867],[-0.430661,-0.693815,-0.577193]],"s":0.661315,"t":[-124.596,-1467.74,-1144.72],"timestamp":634893251}|{"hands":[],"id":73051,"pointables":[{"direction":[-0.140592,0.611271,-0.778834],"handId":4,"id":11,"length":28.3802,"tipPosition":[-194.346,368.299,209.526],"tipVelocity":[-465.83,-284.4,-704.131],"tool":false}],"r":[[-0.13552,-0.582575,0.801399],[-0.892281,0.423352,0.156867],[-0.430661,-0.693815,-0.577193]],"s":0.661315,"t":[-126.027,-1468.34,-1147.68],"timestamp":634901941}|{"hands":[],"id":73052,"pointables":[{"direction":[-0.186868,0.677576,-0.711317],"handId":4,"id":11,"length":30.2567,"tipPosition":[-193.457,372.954,205.152],"tipVelocity":[102.284,535.599,-503.28],"tool":false}],"r":[[-0.13552,-0.582575,0.801399],[-0.892281,0.423352,0.156867],[-0.430661,-0.693815,-0.577193]],"s":0.661315,"t":[-126.298,-1466.31,-1151.35],"timestamp":634910632}|{"hands":[],"id":73053,"pointables":[],"r":[[-0.13552,-0.582575,0.801399],[-0.892281,0.423352,0.156867],[-0.430661,-0.693815,-0.577193]],"s":0.661315,"t":[-126.514,-1464.69,-1154.29],"timestamp":634919323}|{"hands":[],"id":73054,"pointables":[],"r":[[-0.13552,-0.582575,0.801399],[-0.892281,0.423352,0.156867],[-0.430661,-0.693815,-0.577193]],"s":0.661315,"t":[-126.687,-1463.39,-1156.63],"timestamp":634928013}|{"hands":[{"direction":[-0.199045,0.738846,-0.602805],"id":4,"palmNormal":[0.246175,-0.538431,-0.678617],"palmPosition":[-199.273,333.29,186.003],"palmVelocity":[-152.824,-1076.7,-240.979],"r":[[1,0,0],[0,1,0],[0,0,1]],"s":1,"sphereCenter":[-178.579,342.9,168.253],"sphereRadius":67.6938,"t":[0,0,0]}],"id":73055,"pointables":[{"direction":[-0.131712,0.0516353,-0.989942],"handId":4,"id":11,"length":31.8398,"tipPosition":[-192.759,371.633,197.317],"tipVelocity":[26.7526,-50.6825,-300.489],"tool":false}],"r":[[-0.13552,-0.582575,0.801399],[-0.892281,0.423352,0.156867],[-0.430661,-0.693815,-0.577193]],"s":0.661315,"t":[-126.425,-1463.4,-1161.72],"timestamp":634936704}|{"hands":[{"direction":[-0.187583,0.739509,-0.612568],"id":4,"palmNormal":[0.278948,-0.550085,-0.693601],"palmPosition":[-199.876,319.615,188.012],"palmVelocity":[-69.4431,-1573.71,231.259],"r":[[1,0,0],[0,1,0],[0,0,1]],"s":1,"sphereCenter":[-182.004,334.356,169.606],"sphereRadius":68.1165,"t":[-0.120692,-2.73511,0.401927]}],"id":73056,"pointables":[],"r":[[-0.13552,-0.582575,0.801399],[-0.892281,0.423352,0.156867],[-0.430661,-0.693815,-0.577193]],"s":0.661315,"t":[-126.336,-1466.15,-1165.4],"timestamp":634945394}|{"hands":[{"direction":[-0.202592,0.751386,-0.597484],"id":4,"palmNormal":[0.390197,-0.461969,-0.697681],"palmPosition":[-203.837,333.999,181.058],"palmVelocity":[-455.752,1655.01,-800.147],"r":[[1,0,0],[0,1,0],[0,0,1]],"s":1,"sphereCenter":[-187.275,335.085,172.692],"sphereRadius":66.922,"t":[-1.00943,-2.04645,-0.667347]}],"id":73057,"pointables":[],"r":[[-0.13552,-0.582575,0.801399],[-0.892281,0.423352,0.156867],[-0.430661,-0.693815,-0.577193]],"s":0.661315,"t":[-127.057,-1465.47,-1169.72],"timestamp":634954085}|{"hands":[{"direction":[-0.202892,0.759046,-0.593242],"id":4,"palmNormal":[0.486272,-0.40804,-0.680324],"palmPosition":[-207.902,344.884,171.708],"palmVelocity":[-467.733,1252.45,-1075.82],"r":[[1,0,0],[0,1,0],[0,0,1]],"s":1,"sphereCenter":[-191.858,339.168,170.038],"sphereRadius":63.5211,"t":[-2.53344,0.681482,-3.39276]}],"id":73058,"pointables":[],"r":[[-0.13552,-0.582575,0.801399],[-0.892281,0.423352,0.156867],[-0.430661,-0.693815,-0.577193]],"s":0.661315,"t":[-128.447,-1462.75,-1175.06],"timestamp":634962776}|{"hands":[{"direction":[-0.200361,0.770014,-0.583948],"id":4,"palmNormal":[0.554536,-0.365039,-0.669626],"palmPosition":[-210.584,343.993,166.878],"palmVelocity":[-308.636,-102.477,-555.8],"r":[[1,0,0],[0,1,0],[0,0,1]],"s":1,"sphereCenter":[-194.19,339.437,167.505],"sphereRadius":61.987,"t":[-4.28906,2.68572,-6.53907]}],"id":73059,"pointables":[],"r":[[-0.13552,-0.582575,0.801399],[-0.892281,0.423352,0.156867],[-0.430661,-0.693815,-0.577193]],"s":0.661315,"t":[-130.095,-1460.75,-1180.29],"timestamp":634971466}|{"hands":[{"direction":[-0.202048,0.769233,-0.588412],"id":4,"palmNormal":[0.565059,-0.374097,-0.67921],"palmPosition":[-211.433,336.197,162.747],"palmVelocity":[-97.6206,-896.99,-475.385],"r":[[1,0,0],[0,1,0],[0,0,1]],"s":1,"sphereCenter":[-195.674,334.452,165.229],"sphereRadius":62.244,"t":[-5.86323,2.72997,-9.88243]}],"id":73060,"pointables":[],"r":[[-0.13552,-0.582575,0.801399],[-0.892281,0.423352,0.156867],[-0.430661,-0.693815,-0.577193]],"s":0.661315,"t":[-131.583,-1460.71,-1185.3],"timestamp":634980157}|{"hands":[{"direction":[-0.208141,0.774748,-0.581933],"id":4,"palmNormal":[0.591526,-0.349576,-0.684082],"palmPosition":[-212.358,330.028,160.981],"palmVelocity":[-106.487,-709.887,-203.204],"r":[[1,0,0],[0,1,0],[0,0,1]],"s":1,"sphereCenter":[-195.039,330.557,161.758],"sphereRadius":63.0206,"t":[-7.30765,1.53158,-12.9103]}],"id":73061,"pointables":[],"r":[[-0.13552,-0.582575,0.801399],[-0.892281,0.423352,0.156867],[-0.430661,-0.693815,-0.577193]],"s":0.661315,"t":[-132.959,-1461.91,-1189.66],"timestamp":634988847}|{"hands":[{"direction":[-0.21014,0.775802,-0.582608],"id":4,"palmNormal":[0.617141,-0.337574,-0.678534],"palmPosition":[-214.727,331.863,155.915],"palmVelocity":[-272.575,211.054,-582.916],"r":[[1,0,0],[0,1,0],[0,0,1]],"s":1,"sphereCenter":[-195.519,329.295,156.532],"sphereRadius":62.8364,"t":[-8.93697,0.939723,-16.3458]}],"id":73062,"pointables":[],"r":[[-0.13552,-0.582575,0.801399],[-0.892281,0.423352,0.156867],[-0.430661,-0.693815,-0.577193]],"s":0.661315,"t":[-134.534,-1462.5,-1194.16],"timestamp":634997538}|{"hands":[{"direction":[-0.216476,0.777146,-0.580607],"id":4,"palmNormal":[0.629545,-0.325986,-0.681656],"palmPosition":[-215.832,327.846,153.067],"palmVelocity":[-127.064,-462.186,-327.672],"r":[[1,0,0],[0,1,0],[0,0,1]],"s":1,"sphereCenter":[-194.855,325.537,152.428],"sphereRadius":64.3036,"t":[-10.4613,-0.337133,-19.6638]}],"id":73063,"pointables":[],"r":[[-0.13552,-0.582575,0.801399],[-0.892281,0.423352,0.156867],[-0.430661,-0.693815,-0.577193]],"s":0.661315,"t":[-136.014,-1463.78,-1198.34],"timestamp":635006229}|{"hands":[{"direction":[-0.221148,0.772681,-0.586391],"id":4,"palmNormal":[0.659312,-0.310175,-0.664893],"palmPosition":[-217.189,326.874,148.239],"palmVelocity":[-156.181,-111.839,-555.615],"r":[[1,0,0],[0,1,0],[0,0,1]],"s":1,"sphereCenter":[-195.485,324.461,148.149],"sphereRadius":64.0577,"t":[-12.268,-3.10431,-28.3231]}],"id":73064,"pointables":[{"direction":[-0.135532,0.481579,-0.86586],"handId":4,"id":11,"length":30.655,"tipPosition":[-194.848,367.375,183.317],"tipVelocity":[-26.7103,-54.4334,-179.002],"tool":false}],"r":[[-0.13552,-0.582575,0.801399],[-0.892281,0.423352,0.156867],[-0.430661,-0.693815,-0.577193]],"s":0.661315,"t":[-137.799,-1466.55,-1207.42],"timestamp":635014919}|{"hands":[{"direction":[-0.228511,0.765429,-0.593978],"id":4,"palmNormal":[0.678168,-0.301414,-0.654547],"palmPosition":[-217.062,321.18,145.914],"palmVelocity":[14.61,-655.213,-267.511],"r":[[1,0,0],[0,1,0],[0,0,1]],"s":1,"sphereCenter":[-194.664,320.711,144.838],"sphereRadius":64.9432,"t":[-13.688,-6.45695,-35.7155]}],"id":73065,"pointables":[],"r":[[-0.13552,-0.582575,0.801399],[-0.892281,0.423352,0.156867],[-0.430661,-0.693815,-0.577193]],"s":0.661315,"t":[-139.201,-1469.9,-1215.16],"timestamp":635023610}|{"hands":[{"direction":[-0.229773,0.766405,-0.593607],"id":4,"palmNormal":[0.682733,-0.298951,-0.655324],"palmPosition":[-217.944,319.538,141.945],"palmVelocity":[-101.497,-188.951,-456.645],"r":[[1,0,0],[0,1,0],[0,0,1]],"s":1,"sphereCenter":[-192.62,316.956,139.499],"sphereRadius":67.0307,"t":[-15.0004,-9.46746,-42.4231]}],"id":73066,"pointables":[],"r":[[-0.13552,-0.582575,0.801399],[-0.892281,0.423352,0.156867],[-0.430661,-0.693815,-0.577193]],"s":0.661315,"t":[-140.499,-1472.91,-1222.14],"timestamp":635032300}|{"hands":[{"direction":[-0.236739,0.759942,-0.599786],"id":4,"palmNormal":[0.690005,-0.296891,-0.651689],"palmPosition":[-218.261,317.16,137.975],"palmVelocity":[-36.4589,-273.576,-456.847],"r":[[1,0,0],[0,1,0],[0,0,1]],"s":1,"sphereCenter":[-195.963,315.259,138.399],"sphereRadius":66.1778,"t":[-16.1137,-12.3514,-48.5832]}],"id":73067,"pointables":[],"r":[[-0.13552,-0.582575,0.801399],[-0.892281,0.423352,0.156867],[-0.430661,-0.693815,-0.577193]],"s":0.661315,"t":[-141.601,-1475.8,-1228.52],"timestamp":635040991}|{"hands":[{"direction":[-0.231722,0.755538,-0.607837],"id":4,"palmNormal":[0.678901,-0.322143,-0.652161],"palmPosition":[-218.214,313.137,134.379],"palmVelocity":[5.3529,-462.867,-413.701],"r":[[1,0,0],[0,1,0],[0,0,1]],"s":1,"sphereCenter":[-197.359,312.003,134.946],"sphereRadius":65.8116,"t":[-16.995,-15.4631,-54.2305]}],"id":73068,"pointables":[],"r":[[-0.13552,-0.582575,0.801399],[-0.892281,0.423352,0.156867],[-0.430661,-0.693815,-0.577193]],"s":0.661315,"t":[-142.474,-1478.91,-1234.34],"timestamp":635049682}|{"hands":[{"direction":[-0.234004,0.751836,-0.612271],"id":4,"palmNormal":[0.67486,-0.329373,-0.654693],"palmPosition":[-218.846,311.79,130.457],"palmVelocity":[-72.7037,-154.967,-451.379],"r":[[1,0,0],[0,1,0],[0,0,1]],"s":1,"sphereCenter":[-197.713,309.299,130.066],"sphereRadius":65.2564,"t":[-17.8264,-18.2218,-59.5327]}],"id":73069,"pointables":[],"r":[[-0.13552,-0.582575,0.801399],[-0.892281,0.423352,0.156867],[-0.430661,-0.693815,-0.577193]],"s":0.661315,"t":[-143.298,-1481.67,-1239.78],"timestamp":635058372}|{"hands":[{"direction":[-0.23706,0.750104,-0.613903],"id":4,"palmNormal":[0.678767,-0.325094,-0.654282],"palmPosition":[-219.28,309.666,127.807],"palmVelocity":[-49.8977,-244.431,-304.896],"r":[[1,0,0],[0,1,0],[0,0,1]],"s":1,"sphereCenter":[-197.155,306.966,126.382],"sphereRadius":66.2805,"t":[-18.5783,-20.8536,-64.3045]}],"id":73070,"pointables":[],"r":[[-0.13552,-0.582575,0.801399],[-0.892281,0.423352,0.156867],[-0.430661,-0.693815,-0.577193]],"s":0.661315,"t":[-144.044,-1484.3,-1244.66],"timestamp":635067063}|{"hands":[{"direction":[-0.240502,0.749405,-0.613988],"id":4,"palmNormal":[0.684025,-0.31734,-0.653581],"palmPosition":[-219.725,309.255,124.568],"palmVelocity":[-51.2022,-47.3426,-372.754],"r":[[1,0,0],[0,1,0],[0,0,1]],"s":1,"sphereCenter":[-200.431,306.853,124.099],"sphereRadius":64.0363,"t":[-19.2688,-23.0414,-68.7698]}],"id":73071,"pointables":[],"r":[[-0.13552,-0.582575,0.801399],[-0.892281,0.423352,0.156867],[-0.430661,-0.693815,-0.577193]],"s":0.661315,"t":[-144.73,-1486.49,-1249.22],"timestamp":635075753}|{"hands":[],"id":73072,"pointables":[],"r":[[-0.13552,-0.582575,0.801399],[-0.892281,0.423352,0.156867],[-0.430661,-0.693815,-0.577193]],"s":0.661315,"t":[-145.279,-1488.24,-1252.86],"timestamp":635084444}|{"hands":[{"direction":[-0.24065,0.745342,-0.619203],"id":4,"palmNormal":[0.698509,-0.310978,-0.641268],"palmPosition":[-221.012,310.59,115.046],"palmVelocity":[-37.0499,38.4169,-273.919],"r":[[1,0,0],[0,1,0],[0,0,1]],"s":1,"sphereCenter":[-208.691,311.617,118.737],"sphereRadius":62.1177,"t":[0,0,0]}],"id":73075,"pointables":[],"r":[[-0.13552,-0.582575,0.801399],[-0.892281,0.423352,0.156867],[-0.430661,-0.693815,-0.577193]],"s":0.661315,"t":[-145.975,-1489.37,-1257.68],"timestamp":635110516}|{"hands":[{"direction":[-0.247062,0.73857,-0.624766],"id":4,"palmNormal":[0.698328,-0.312754,-0.641468],"palmPosition":[-220.684,306.713,111.596],"palmVelocity":[37.758,-446.17,-396.954],"r":[[1,0,0],[0,1,0],[0,0,1]],"s":1,"sphereCenter":[-203.347,305.799,112.301],"sphereRadius":64.8116,"t":[0.0656235,-0.775443,-0.689907]}],"id":73076,"pointables":[],"r":[[-0.13552,-0.582575,0.801399],[-0.892281,0.423352,0.156867],[-0.430661,-0.693815,-0.577193]],"s":0.661315,"t":[-146.467,-1491.06,-1262.23],"timestamp":635119206}|{"hands":[{"direction":[-0.24521,0.730189,-0.635035],"id":4,"palmNormal":[0.704732,-0.321619,-0.630099],"palmPosition":[-221.851,309.249,103.406],"palmVelocity":[-134.199,291.819,-942.367],"r":[[1,0,0],[0,1,0],[0,0,1]],"s":1,"sphereCenter":[-206.759,309.212,102.647],"sphereRadius":62.4934,"t":[-0.115142,-0.888557,-2.87985]}],"id":73077,"pointables":[],"r":[[-0.13552,-0.582575,0.801399],[-0.892281,0.423352,0.156867],[-0.430661,-0.693815,-0.577193]],"s":0.661315,"t":[-147.093,-1491.89,-1267.5],"timestamp":635127897}|{"hands":[{"direction":[-0.246273,0.727956,-0.637608],"id":4,"palmNormal":[0.700454,-0.3263,-0.632969],"palmPosition":[-221.532,307.364,100.737],"palmVelocity":[36.6481,-216.865,-307.083],"r":[[1,0,0],[0,1,0],[0,0,1]],"s":1,"sphereCenter":[-211.089,310.039,102.748],"sphereRadius":60.9782,"t":[-0.196052,-1.356,-5.16559]}],"id":73078,"pointables":[],"r":[[-0.13552,-0.582575,0.801399],[-0.892281,0.423352,0.156867],[-0.430661,-0.693815,-0.577193]],"s":0.661315,"t":[-147.531,-1492.94,-1272.26],"timestamp":635136588}|{"hands":[{"direction":[-0.235263,0.722053,-0.647824],"id":4,"palmNormal":[0.706959,-0.341453,-0.61686],"palmPosition":[-220.646,305.557,97.434],"palmVelocity":[101.94,-208.001,-380.116],"r":[[1,0,0],[0,1,0],[0,0,1]],"s":1,"sphereCenter":[-209.204,307.923,96.2864],"sphereRadius":60.7869,"t":[-0.0836092,-2.09147,-7.65481]}],"id":73079,"pointables":[],"r":[[-0.13552,-0.582575,0.801399],[-0.892281,0.423352,0.156867],[-0.430661,-0.693815,-0.577193]],"s":0.661315,"t":[-147.704,-1494.14,-1276.72],"timestamp":635145278}|{"hands":[{"direction":[-0.243775,0.719317,-0.647911],"id":4,"palmNormal":[0.700191,-0.3376,-0.626917],"palmPosition":[-219.28,300.559,99.7774],"palmVelocity":[157.218,-575.015,269.643],"r":[[1,0,0],[0,1,0],[0,0,1]],"s":1,"sphereCenter":[-198.206,300.032,87.9711],"sphereRadius":68.6145,"t":[0.279622,-3.67933,-9.1775]}],"id":73080,"pointables":[],"r":[[-0.13552,-0.582575,0.801399],[-0.892281,0.423352,0.156867],[-0.430661,-0.693815,-0.577193]],"s":0.661315,"t":[-147.569,-1496.1,-1279.82],"timestamp":635153969}|{"hands":[{"direction":[-0.242615,0.714357,-0.654024],"id":4,"palmNormal":[0.701583,-0.343833,-0.622401],"palmPosition":[-219.689,302.855,94.3227],"palmVelocity":[-47.1214,264.186,-627.702],"r":[[1,0,0],[0,1,0],[0,0,1]],"s":1,"sphereCenter":[-205.658,305.101,87.3185],"sphereRadius":65.3499,"t":[0.488309,-4.49046,-11.4866]}],"id":73081,"pointables":[],"r":[[-0.13552,-0.582575,0.801399],[-0.892281,0.423352,0.156867],[-0.430661,-0.693815,-0.577193]],"s":0.661315,"t":[-147.543,-1497.21,-1283.39],"timestamp":635162659}|{"hands":[{"direction":[-0.247346,0.708921,-0.658303],"id":4,"palmNormal":[0.70145,-0.343824,-0.623016],"palmPosition":[-218.437,300.187,93.5737],"palmVelocity":[144.064,-307.016,-86.1825],"r":[[1,0,0],[0,1,0],[0,0,1]],"s":1,"sphereCenter":[-210.778,305.953,91.0192],"sphereRadius":64.0548,"t":[0.905671,-5.67303,-13.4837]}],"id":73082,"pointables":[],"r":[[-0.13552,-0.582575,0.801399],[-0.892281,0.423352,0.156867],[-0.430661,-0.693815,-0.577193]],"s":0.661315,"t":[-147.271,-1498.63,-1286.4],"timestamp":635171350}|{"hands":[{"direction":[-0.243783,0.709345,-0.659501],"id":4,"palmNormal":[0.702732,-0.345511,-0.620955],"palmPosition":[-218.22,301.635,89.3791],"palmVelocity":[24.9586,166.63,-482.637],"r":[[1,0,0],[0,1,0],[0,0,1]],"s":1,"sphereCenter":[-216.968,310.517,90.0699],"sphereRadius":63.111,"t":[1.28294,-6.32944,-15.9203]}],"id":73083,"pointables":[],"r":[[-0.13552,-0.582575,0.801399],[-0.892281,0.423352,0.156867],[-0.430661,-0.693815,-0.577193]],"s":0.661315,"t":[-147.011,-1499.48,-1289.65],"timestamp":635180041}|{"hands":[{"direction":[-0.245221,0.705262,-0.663529],"id":4,"palmNormal":[0.701801,-0.349003,-0.62028],"palmPosition":[-217.929,302.812,85.4823],"palmVelocity":[33.5183,135.476,-448.423],"r":[[1,0,0],[0,1,0],[0,0,1]],"s":1,"sphereCenter":[-225.196,315.892,92.7286],"sphereRadius":65.6613,"t":[1.64302,-6.61912,-18.6489]}],"id":73084,"pointables":[],"r":[[-0.13552,-0.582575,0.801399],[-0.892281,0.423352,0.156867],[-0.430661,-0.693815,-0.577193]],"s":0.661315,"t":[-146.744,-1499.92,-1293.02],"timestamp":635188731}|{"hands":[{"direction":[-0.241778,0.701504,-0.668845],"id":4,"palmNormal":[0.703542,-0.355702,-0.61449],"palmPosition":[-217.447,303.408,82.3656],"palmVelocity":[55.4968,68.5704,-358.606],"r":[[1,0,0],[0,1,0],[0,0,1]],"s":1,"sphereCenter":[-223.949,315.933,87.8598],"sphereRadius":63.316,"t":[2.02754,-6.73167,-21.4551]}],"id":73085,"pointables":[],"r":[[-0.13552,-0.582575,0.801399],[-0.892281,0.423352,0.156867],[-0.430661,-0.693815,-0.577193]],"s":0.661315,"t":[-146.435,-1500.15,-1296.35],"timestamp":635197422}|{"hands":[{"direction":[-0.237595,0.698565,-0.6735],"id":4,"palmNormal":[0.699959,-0.366439,-0.612157],"palmPosition":[-216.581,302.93,80.8319],"palmVelocity":[99.5874,-55.0033,-176.497],"r":[[1,0,0],[0,1,0],[0,0,1]],"s":1,"sphereCenter":[-223.016,315.67,84.2946],"sphereRadius":61.2795,"t":[2.50824,-6.9173,-24.0068]}],"id":73086,"pointables":[],"r":[[-0.13552,-0.582575,0.801399],[-0.892281,0.423352,0.156867],[-0.430661,-0.693815,-0.577193]],"s":0.661315,"t":[-146.014,-1500.43,-1299.31],"timestamp":635206112}|{"hands":[{"direction":[-0.235912,0.692455,-0.680306],"id":4,"palmNormal":[0.69455,-0.379557,-0.610073],"palmPosition":[-215.593,302.659,78.3817],"palmVelocity":[113.698,-31.2685,-281.925],"r":[[1,0,0],[0,1,0],[0,0,1]],"s":1,"sphereCenter":[-224.833,317.668,82.7042],"sphereRadius":60.9092,"t":[3.09043,-7.12016,-26.5383]}],"id":73087,"pointables":[],"r":[[-0.13552,-0.582575,0.801399],[-0.892281,0.423352,0.156867],[-0.430661,-0.693815,-0.577193]],"s":0.661315,"t":[-145.479,-1500.72,-1302.17],"timestamp":635214803}|{"hands":[{"direction":[-0.230645,0.68908,-0.685539],"id":4,"palmNormal":[0.690734,-0.391279,-0.606905],"palmPosition":[-214.564,302.221,76.9],"palmVelocity":[118.395,-50.3758,-170.484],"r":[[1,0,0],[0,1,0],[0,0,1]],"s":1,"sphereCenter":[-225.262,318.39,81.05],"sphereRadius":60.0489,"t":[3.76198,-7.37002,-28.8598]}],"id":73088,"pointables":[],"r":[[-0.13552,-0.582575,0.801399],[-0.892281,0.423352,0.156867],[-0.430661,-0.693815,-0.577193]],"s":0.661315,"t":[-144.846,-1501.03,-1304.76],"timestamp":635223494}|{"hands":[{"direction":[-0.23058,0.687937,-0.686946],"id":4,"palmNormal":[0.696155,-0.385296,-0.604679],"palmPosition":[-212.441,299.11,77.6351],"palmVelocity":[244.306,-357.919,84.5889],"r":[[1,0,0],[0,1,0],[0,0,1]],"s":1,"sphereCenter":[-217.52,312.806,77.6607],"sphereRadius":60.788,"t":[4.72382,-8.19196,-30.5699]}],"id":73089,"pointables":[],"r":[[-0.13552,-0.582575,0.801399],[-0.892281,0.423352,0.156867],[-0.430661,-0.693815,-0.577193]],"s":0.661315,"t":[-143.915,-1501.9,-1306.68],"timestamp":635232184}|{"hands":[{"direction":[-0.221373,0.686601,-0.691137],"id":4,"palmNormal":[0.698652,-0.393351,-0.596505],"palmPosition":[-211.252,299.865,74.1623],"palmVelocity":[136.869,86.7894,-399.582],"r":[[1,0,0],[0,1,0],[0,0,1]],"s":1,"sphereCenter":[-217.425,313.901,74.21],"sphereRadius":59.9405,"t":[5.7312,-8.69866,-32.6326]}],"id":73090,"pointables":[],"r":[[-0.13552,-0.582575,0.801399],[-0.892281,0.423352,0.156867],[-0.430661,-0.693815,-0.577193]],"s":0.661315,"t":[-142.932,-1502.45,-1308.92],"timestamp":635240875}|{"hands":[{"direction":[-0.213531,0.683533,-0.696507],"id":4,"palmNormal":[0.704913,-0.397905,-0.5859],"palmPosition":[-209.967,300.353,71.1524],"palmVelocity":[147.803,56.2412,-346.364],"r":[[1,0,0],[0,1,0],[0,0,1]],"s":1,"sphereCenter":[-217.093,314.575,72.5145],"sphereRadius":59.728,"t":[6.79398,-9.00627,-34.8847]}],"id":73091,"pointables":[],"r":[[-0.13552,-0.582575,0.801399],[-0.892281,0.423352,0.156867],[-0.430661,-0.693815,-0.577193]],"s":0.661315,"t":[-141.889,-1502.79,-1311.3],"timestamp":635249565}|{"hands":[{"direction":[-0.209893,0.684422,-0.69694],"id":4,"palmNormal":[0.703829,-0.39909,-0.586714],"palmPosition":[-207.73,297.446,71.9684],"palmVelocity":[257.377,-334.519,93.8936],"r":[[1,0,0],[0,1,0],[0,0,1]],"s":1,"sphereCenter":[-211.791,310.191,71.0909],"sphereRadius":59.8265,"t":[8.09158,-9.83382,-36.5232]}],"id":73092,"pointables":[],"r":[[-0.13552,-0.582575,0.801399],[-0.892281,0.423352,0.156867],[-0.430661,-0.693815,-0.577193]],"s":0.661315,"t":[-140.607,-1503.64,-1313.05],"timestamp":635258256}|{"hands":[{"direction":[-0.197069,0.680426,-0.703968],"id":4,"palmNormal":[0.713642,-0.40623,-0.56877],"palmPosition":[-206.412,298.701,68.4153],"palmVelocity":[151.754,144.383,-408.833],"r":[[1,0,0],[0,1,0],[0,0,1]],"s":1,"sphereCenter":[-213.312,312.65,67.8605],"sphereRadius":59.4267,"t":[9.39344,-10.2449,-38.5447]}],"id":73093,"pointables":[],"r":[[-0.13552,-0.582575,0.801399],[-0.892281,0.423352,0.156867],[-0.430661,-0.693815,-0.577193]],"s":0.661315,"t":[-139.318,-1504.07,-1315.16],"timestamp":635266947}|{"hands":[{"direction":[-0.187087,0.681615,-0.705492],"id":4,"palmNormal":[0.710078,-0.415346,-0.566883],"palmPosition":[-205.069,299.318,65.7315],"palmVelocity":[154.497,70.9551,-308.833],"r":[[1,0,0],[0,1,0],[0,0,1]],"s":1,"sphereCenter":[-213.85,314.069,66.4975],"sphereRadius":59.359,"t":[10.7034,-10.4504,-40.6986]}],"id":73094,"pointables":[],"r":[[-0.13552,-0.582575,0.801399],[-0.892281,0.423352,0.156867],[-0.430661,-0.693815,-0.577193]],"s":0.661315,"t":[-138.018,-1504.29,-1317.38],"timestamp":635275637}|{"hands":[{"direction":[-0.180859,0.676212,-0.712209],"id":4,"palmNormal":[0.708918,-0.426175,-0.560276],"palmPosition":[-203.594,299.881,63.2829],"palmVelocity":[169.712,64.8083,-281.744],"r":[[1,0,0],[0,1,0],[0,0,1]],"s":1,"sphereCenter":[-214.228,315.569,64.4675],"sphereRadius":59.1114,"t":[12.0464,-10.5022,-42.9114]}],"id":73095,"pointables":[],"r":[[-0.13552,-0.582575,0.801399],[-0.892281,0.423352,0.156867],[-0.430661,-0.693815,-0.577193]],"s":0.661315,"t":[-136.683,-1504.36,-1319.65],"timestamp":635284328}|{"hands":[{"direction":[-0.182251,0.670433,-0.717411],"id":4,"palmNormal":[0.704301,-0.432467,-0.561545],"palmPosition":[-201.877,299.795,61.7786],"palmVelocity":[197.574,-9.83175,-173.106],"r":[[1,0,0],[0,1,0],[0,0,1]],"s":1,"sphereCenter":[-214.435,316.866,63.7808],"sphereRadius":59.7636,"t":[13.4642,-10.5607,-44.9826]}],"id":73096,"pointables":[],"r":[[-0.13552,-0.582575,0.801399],[-0.892281,0.423352,0.156867],[-0.430661,-0.693815,-0.577193]],"s":0.661315,"t":[-135.271,-1504.43,-1321.77],"timestamp":635293018}|{"hands":[{"direction":[-0.180033,0.6617,-0.725816],"id":4,"palmNormal":[0.700376,-0.445266,-0.556253],"palmPosition":[-200.876,301.653,57.3385],"palmVelocity":[115.161,213.729,-510.886],"r":[[1,0,0],[0,1,0],[0,0,1]],"s":1,"sphereCenter":[-219.639,322.088,62.9824],"sphereRadius":62.3869,"t":[14.7986,-10.236,-47.5275]}],"id":73097,"pointables":[],"r":[[-0.13552,-0.582575,0.801399],[-0.892281,0.423352,0.156867],[-0.430661,-0.693815,-0.577193]],"s":0.661315,"t":[-133.942,-1504.11,-1324.35],"timestamp":635301709}|{"hands":[{"direction":[-0.168989,0.659791,-0.73005],"id":4,"palmNormal":[0.699102,-0.456036,-0.549053],"palmPosition":[-199.762,303.21,53.2953],"palmVelocity":[128.169,179.198,-465.208],"r":[[1,0,0],[0,1,0],[0,0,1]],"s":1,"sphereCenter":[-223.049,325.735,62.4834],"sphereRadius":64.0156,"t":[16.0889,-9.6648,-50.372]}],"id":73098,"pointables":[],"r":[[-0.13552,-0.582575,0.801399],[-0.892281,0.423352,0.156867],[-0.430661,-0.693815,-0.577193]],"s":0.661315,"t":[-132.656,-1503.54,-1327.22],"timestamp":635310400}|{"hands":[{"direction":[-0.174694,0.69304,-0.687311],"id":4,"palmNormal":[0.512481,-0.465722,-0.635596],"palmPosition":[-206.369,325.014,28.4279],"palmVelocity":[-760.264,2509.06,-2861.61],"r":[[1,0,0],[0,1,0],[0,0,1]],"s":1,"sphereCenter":[-226.722,314.898,35.2978],"sphereRadius":74.3125,"t":[15.7998,-4.84706,-57.6212]}],"id":73099,"pointables":[],"r":[[-0.13552,-0.582575,0.801399],[-0.892281,0.423352,0.156867],[-0.430661,-0.693815,-0.577193]],"s":0.661315,"t":[-132.948,-1498.73,-1334.49],"timestamp":635319090}|{"hands":[{"direction":[-0.176175,0.677776,-0.702449],"id":4,"palmNormal":[0.560727,-0.468821,-0.609501],"palmPosition":[-202.02,317.661,34.7379],"palmVelocity":[500.415,-846.002,726.037],"r":[[1,0,0],[0,1,0],[0,0,1]],"s":1,"sphereCenter":[-228.291,320.595,38.2961],"sphereRadius":73.4186,"t":[16.4384,-2.46339,-62.1585]}],"id":73100,"pointables":[],"r":[[-0.13552,-0.582575,0.801399],[-0.892281,0.423352,0.156867],[-0.430661,-0.693815,-0.577193]],"s":0.661315,"t":[-132.312,-1496.35,-1339.05],"timestamp":635327781}|{"hands":[{"direction":[-0.176197,0.667948,-0.713015],"id":4,"palmNormal":[0.582084,-0.480904,-0.598322],"palmPosition":[-198.348,313.391,37.7355],"palmVelocity":[422.588,-491.42,344.948],"r":[[1,0,0],[0,1,0],[0,0,1]],"s":1,"sphereCenter":[-227.972,324.76,40.2662],"sphereRadius":72.2154,"t":[17.6837,-1.41055,-65.1888]}],"id":73101,"pointables":[],"r":[[-0.13552,-0.582575,0.801399],[-0.892281,0.423352,0.156867],[-0.430661,-0.693815,-0.577193]],"s":0.661315,"t":[-131.069,-1495.3,-1342.09],"timestamp":635336471}|{"hands":[{"direction":[-0.180324,0.655124,-0.724434],"id":4,"palmNormal":[0.60095,-0.488614,-0.587498],"palmPosition":[-195.129,311.469,37.8537],"palmVelocity":[370.366,-221.186,13.5973],"r":[[1,0,0],[0,1,0],[0,0,1]],"s":1,"sphereCenter":[-227.245,327.778,40.2857],"sphereRadius":70.8213,"t":[19.3237,-0.952739,-67.5894]}],"id":73102,"pointables":[],"r":[[-0.13552,-0.582575,0.801399],[-0.892281,0.423352,0.156867],[-0.430661,-0.693815,-0.577193]],"s":0.661315,"t":[-129.431,-1494.85,-1344.5],"timestamp":635345162}|{"hands":[{"direction":[-0.182045,0.647612,-0.731901],"id":4,"palmNormal":[0.61521,-0.492211,-0.581018],"palmPosition":[-192.098,310.396,37.6414],"palmVelocity":[348.686,-123.427,-24.434],"r":[[1,0,0],[0,1,0],[0,0,1]],"s":1,"sphereCenter":[-226.094,329.876,40.3344],"sphereRadius":69.8861,"t":[21.2417,-0.801032,-69.5524]}],"id":73103,"pointables":[],"r":[[-0.13552,-0.582575,0.801399],[-0.892281,0.423352,0.156867],[-0.430661,-0.693815,-0.577193]],"s":0.661315,"t":[-127.514,-1494.7,-1346.48],"timestamp":635353853}|{"hands":[{"direction":[-0.184648,0.644592,-0.735175],"id":4,"palmNormal":[0.62591,-0.490035,-0.580277],"palmPosition":[-189.719,311.459,35.7301],"palmVelocity":[273.822,122.375,-219.941],"r":[[1,0,0],[0,1,0],[0,0,1]],"s":1,"sphereCenter":[-225.219,331.704,40.0604],"sphereRadius":69.5192,"t":[22.9171,-0.415428,-71.2604]}],"id":73104,"pointables":[{"direction":[-0.522199,0.172572,-0.835181],"handId":4,"id":10,"length":26.1102,"tipPosition":[-259.065,367.943,-12.7877],"tipVelocity":[164.86,71.2891,-167.211],"tool":false}],"r":[[-0.13552,-0.582575,0.801399],[-0.892281,0.423352,0.156867],[-0.430661,-0.693815,-0.577193]],"s":0.661315,"t":[-125.84,-1494.31,-1348.19],"timestamp":635362543}|{"hands":[{"direction":[-0.252457,0.60483,-0.730006],"id":4,"palmNormal":[0.274114,-0.559525,-0.395068],"palmPosition":[-213.754,339.122,7.71755],"palmVelocity":[-2765.47,3182.9,-3223.16],"r":[[1,0,0],[0,1,0],[0,0,1]],"s":1,"sphereCenter":[-246.693,302.34,29.5885],"sphereRadius":95.0315,"t":[24.5244,-0.00771562,-73.0315]}],"id":73105,"pointables":[{"direction":[-0.519852,0.181996,-0.834644],"handId":4,"id":10,"length":26.8232,"tipPosition":[-257.526,368.373,-14.6218],"tipVelocity":[177.112,49.4558,-211.041],"tool":false}],"r":[[-0.13552,-0.582575,0.801399],[-0.892281,0.423352,0.156867],[-0.430661,-0.693815,-0.577193]],"s":0.661315,"t":[-124.233,-1493.91,-1349.96],"timestamp":635371234}|{"hands":[{"direction":[-0.235278,0.60752,-0.736759],"id":4,"palmNormal":[0.376704,-0.547249,-0.434719],"palmPosition":[-196.142,323.211,21.7212],"palmVelocity":[2026.63,-1830.92,1611.46],"r":[[1,0,0],[0,1,0],[0,0,1]],"s":1,"sphereCenter":[-239.751,310.643,30.0624],"sphereRadius":88.5709,"t":[26.1206,0.587124,-74.853]}],"id":73106,"pointables":[{"direction":[-0.521768,0.199901,-0.829336],"handId":4,"id":10,"length":27.4246,"tipPosition":[-255.941,369.154,-16.4936],"tipVelocity":[182.402,89.9847,-215.397],"tool":false}],"r":[[-0.13552,-0.582575,0.801399],[-0.892281,0.423352,0.156867],[-0.430661,-0.693815,-0.577193]],"s":0.661315,"t":[-122.636,-1493.31,-1351.78],"timestamp":635379924}|{"hands":[{"direction":[-0.221975,0.606469,-0.744696],"id":4,"palmNormal":[0.450692,-0.541031,-0.460488],"palmPosition":[-185.191,314.877,29.3895],"palmVelocity":[1260.05,-958.941,882.326],"r":[[1,0,0],[0,1,0],[0,0,1]],"s":1,"sphereCenter":[-233.754,317.028,31.7552],"sphereRadius":84.1774,"t":[28.2747,0.769007,-76.4998]}],"id":73107,"pointables":[{"direction":[-0.492705,0.139969,-0.858866],"hand