{"hands":[{"direction":[0.181889,0.642628,-0.741954],"id":3,"palmNormal":[0.173135,-0.751459,-0.634688],"palmPosition":[-14.9677,342.177,71.5182],"palmVelocity":[-80.0725,175.177,-39.0463],"r":[[0.489735,-0.87185,-0.00613175],[0.80988,0.457508,-0.367126],[0.322884,0.174828,0.930151]],"s":0.730989,"sphereCenter":[-0.117875,359.835,38.1602],"sphereRadius":68.0563,"t":[-147.534,145.878,-150.806]}],"id":66962,"pointables":[{"direction":[-0.107609,0.758041,-0.643268],"handId":3,"id":2,"length":44.8517,"tipPosition":[7.02711,435.537,17.209],"tipVelocity":[217.949,-190.306,-210.818],"tool":false}],"r":[[-0.417304,-0.554298,0.720146],[0.841953,0.0624164,0.535929],[-0.342013,0.829975,0.440646]],"s":1.4511,"t":[-332.052,-972.051,-1263.71],"timestamp":581984878}|{"hands":[{"direction":[0.177573,0.650186,-0.736413],"id":3,"palmNormal":[0.166915,-0.744934,-0.644064],"palmPosition":[-15.6555,343.874,71.0019],"palmVelocity":[-79.1363,195.344,-59.4092],"r":[[0.504193,-0.86359,0.00109175],[0.8053,0.469704,-0.36176],[0.311899,0.183276,0.932271]],"s":0.72416,"sphereCenter":[-0.600602,360.555,37.7521],"sphereRadius":68.4259,"t":[-146.115,145.357,-152.602]}],"id":66963,"pointables":[{"direction":[-0.0962395,0.752912,-0.651047],"handId":3,"id":2,"length":46.4301,"tipPosition":[9.12213,434.889,14.1586],"tipVelocity":[241.056,-74.5441,-350.98],"tool":false}],"r":[[-0.410815,-0.542783,0.732542],[0.845326,0.0742323,0.529069],[-0.341548,0.836586,0.428333]],"s":1.44427,"t":[-330.633,-972.572,-1265.5],"timestamp":581993569}|{"hands":[{"direction":[0.176919,0.658565,-0.729041],"id":3,"palmNormal":[0.156568,-0.736832,-0.655624],"palmPosition":[-15.9248,344.823,71.3925],"palmVelocity":[-30.991,109.123,44.9473],"r":[[0.515616,-0.856792,0.00694435],[0.801454,0.479416,-0.357536],[0.303005,0.189917,0.933874]],"s":0.719384,"sphereCenter":[-0.780926,358.207,35.0019],"sphereRadius":69.8798,"t":[-144.224,143.937,-154.7]}],"id":66964,"pointables":[{"direction":[-0.0833418,0.745584,-0.661179],"handId":3,"id":2,"length":47.7485,"tipPosition":[11.4853,432.571,11.7564],"tipVelocity":[271.937,-266.806,-276.432],"tool":false}],"r":[[-0.40559,-0.5334,0.742281],[0.84797,0.0835952,0.523411],[-0.341239,0.841722,0.418402]],"s":1.4395,"t":[-328.742,-973.992,-1267.6],"timestamp":582002259}|{"hands":[{"direction":[0.17453,0.670786,-0.717811],"id":3,"palmNormal":[0.147421,-0.722551,-0.672619],"palmPosition":[-15.9921,346.891,70.5608],"palmVelocity":[-7.74642,237.967,-95.7007],"r":[[0.52466,-0.851232,0.0116724],[0.798261,0.487155,-0.354202],[0.295822,0.195153,0.935096]],"s":0.716044,"sphereCenter":[-3.20578,364.828,37.2489],"sphereRadius":68.9901,"t":[-141.914,141.599,-157.096]}],"id":66965,"pointables":[{"direction":[-0.0702906,0.729964,-0.679861],"handId":3,"id":2,"length":49.0673,"tipPosition":[14.2144,429.314,9.06459],"tipVelocity":[314.023,-374.784,-309.727],"tool":false}],"r":[[-0.401389,-0.525787,0.749956],[0.850049,0.0910264,0.518778],[-0.341033,0.845732,0.410408]],"s":1.43616,"t":[-326.432,-976.33,-1270],"timestamp":582010950}|{"hands":[{"direction":[0.171507,0.682273,-0.707251],"id":3,"palmNormal":[0.136958,-0.709604,-0.688004],"palmPosition":[-15.7165,349.085,69.8745],"palmVelocity":[31.7084,252.439,-78.9738],"r":[[0.531835,-0.846707,0.0154835],[0.795633,0.493325,-0.351565],[0.290034,0.199293,0.936036]],"s":0.713707,"sphereCenter":[-4.8944,369.832,39.5008],"sphereRadius":68.4102,"t":[-142.706,141.963,-161.051]}],"id":66966,"pointables":[{"direction":[-0.0877041,0.718356,-0.690125],"handId":3,"id":2,"length":50.7903,"tipPosition":[10.3215,432.381,3.5494],"tipVelocity":[-447.984,352.998,-634.659],"tool":false}],"r":[[-0.398015,-0.519629,0.756022],[0.85169,0.0969325,0.515003],[-0.340894,0.848875,0.403982]],"s":1.43382,"t":[-327.223,-975.966,-1273.95],"timestamp":582019640}|{"hands":[{"direction":[0.170419,0.688994,-0.701255],"id":3,"palmNormal":[0.126318,-0.704403,-0.695706],"palmPosition":[-15.4433,349.926,70.2028],"palmVelocity":[31.4401,96.7755,37.7721],"r":[[0.537535,-0.843038,0.0185504],[0.793484,0.498248,-0.349474],[0.285377,0.202574,0.936762]],"s":0.712071,"sphereCenter":[-6.75479,374.732,43.9044],"sphereRadius":69.2305,"t":[-140.296,138.845,-163.817]}],"id":66967,"pointables":[{"direction":[-0.0688009,0.700514,-0.710315],"handId":3,"id":2,"length":51.8682,"tipPosition":[15.9333,425.78,1.97334],"tipVelocity":[645.705,-759.497,-181.344],"tool":false}],"r":[[-0.395307,-0.51466,0.760827],[0.852988,0.101632,0.51194],[-0.3408,0.85135,0.398823]],"s":1.43219,"t":[-324.813,-979.084,-1276.72],"timestamp":582028331}|{"hands":[{"direction":[0.170717,0.690991,-0.699724],"id":3,"palmNormal":[0.116642,-0.705975,-0.696291],"palmPosition":[-14.6101,350.002,70.9219],"palmVelocity":[95.8679,8.83755,82.7444],"r":[[0.542069,-0.840071,0.0210153],[0.791734,0.502178,-0.347813],[0.281635,0.205177,0.937328]],"s":0.710927,"sphereCenter":[-8.41333,378.131,47.0934],"sphereRadius":69.8275,"t":[-136.476,133.845,-166.098]}],"id":66968,"pointables":[{"direction":[-0.0467337,0.68048,-0.731275],"handId":3,"id":2,"length":52.5789,"tipPosition":[21.1634,418.898,0.176096],"tipVelocity":[601.786,-791.915,-206.794],"tool":false}],"r":[[-0.393135,-0.510657,0.764639],[0.854016,0.105376,0.509462],[-0.340735,0.853302,0.394683]],"s":1.43104,"t":[-320.993,-984.084,-1279],"timestamp":582037022}|{"hands":[{"direction":[0.170162,0.691311,-0.699989],"id":3,"palmNormal":[0.106425,-0.70907,-0.695106],"palmPosition":[-13.9906,350.082,71.4374],"palmVelocity":[71.2854,9.20835,59.3159],"r":[[0.54568,-0.837678,0.0229944],[0.790316,0.505316,-0.346493],[0.27863,0.207247,0.937771]],"s":0.710126,"sphereCenter":[-9.39462,379.204,48.176],"sphereRadius":69.886,"t":[-132.283,127.614,-168.285]}],"id":66969,"pointables":[{"direction":[-0.0235579,0.646762,-0.762328],"handId":3,"id":2,"length":53.4356,"tipPosition":[25.729,411.436,-1.91547],"tipVelocity":[525.382,-858.66,-240.687],"tool":false}],"r":[[-0.391395,-0.507438,0.76767],[0.854833,0.10836,0.507462],[-0.34069,0.854848,0.391363]],"s":1.43024,"t":[-316.8,-990.315,-1281.18],"timestamp":582045712}|{"hands":[{"direction":[0.169469,0.69156,-0.700282],"id":3,"palmNormal":[0.0983088,-0.711408,-0.694249],"palmPosition":[-13.5243,350.296,71.6482],"palmVelocity":[53.6574,24.5574,24.264],"r":[[0.563486,-0.825889,0.0197604],[0.77844,0.5228,-0.347436],[0.276613,0.211158,0.937495]],"s":0.734016,"sphereCenter":[-10.0588,379.808,48.6132],"sphereRadius":69.6825,"t":[-128.433,123.148,-170.136]}],"id":66970,"pointables":[{"direction":[-0.0324406,0.723518,-0.689543],"handId":3,"id":4,"length":55.8091,"tipPosition":[-20.4493,441.011,-5.44344],"tipVelocity":[349.895,131.578,-137.583],"tool":false},{"direction":[0.00420842,0.613103,-0.789992],"handId":3,"id":2,"length":54.3107,"tipPosition":[29.7026,404.893,-3.75123],"tipVelocity":[457.206,-752.886,-211.226],"tool":false}],"r":[[-0.374835,-0.501289,0.779877],[0.863205,0.118155,0.490833],[-0.338195,0.857175,0.388427]],"s":1.45413,"t":[-312.95,-994.781,-1283.04],"timestamp":582054403}|{"hands":[{"direction":[0.171808,0.688742,-0.702727],"id":3,"palmNormal":[0.0888446,-0.717005,-0.689857],"palmPosition":[-13.1303,349.58,72.3587],"palmVelocity":[45.3386,-82.3248,81.7615],"r":[[0.585703,-0.810335,0.0176053],[0.762998,0.5439,-0.349296],[0.273471,0.218017,0.936847]],"s":0.768568,"sphereCenter":[-10.9801,378.19,48.1784],"sphereRadius":69.5899,"t":[-125.088,119.7,-170.975]}],"id":66971,"pointables":[{"direction":[0.035109,0.567818,-0.822405],"handId":3,"id":2,"length":54.9395,"tipPosition":[33.0888,397.583,-5.52622],"tipVelocity":[389.666,-841.18,-204.257],"tool":false},{"direction":[-0.0207718,0.709955,-0.703941],"handId":3,"id":4,"length":55.8412,"tipPosition":[-17.6106,438.58,-5.27003],"tipVelocity":[326.656,-279.804,19.9547],"tool":false},{"direction":[-0.00857234,0.644989,-0.764144],"handId":3,"id":12,"length":38.6676,"tipPosition":[-50.0516,439.372,10.8903],"tipVelocity":[31.0272,-108.622,136.756],"tool":false}],"r":[[-0.354727,-0.491641,0.795272],[0.873316,0.129534,0.469616],[-0.333897,0.86111,0.383409]],"s":1.48868,"t":[-309.606,-998.229,-1283.87],"timestamp":582063093}|{"hands":[{"direction":[0.173318,0.68651,-0.704768],"id":3,"palmNormal":[0.08231,-0.721125,-0.686595],"palmPosition":[-12.7316,349.38,72.5453],"palmVelocity":[45.8752,-23.0346,21.4663],"r":[[0.610977,-0.7915,0.0153128],[0.744934,0.56827,-0.34949],[0.267919,0.224937,0.936815]],"s":0.808636,"sphereCenter":[-11.4895,377.829,47.8551],"sphereRadius":69.2592,"t":[-122.642,117.425,-171.471]}],"id":66972,"pointables":[{"direction":[0.0681301,0.511728,-0.856442],"handId":3,"id":2,"length":55.5813,"tipPosition":[36.1313,390.903,-7.3771],"tipVelocity":[350.08,-768.628,-212.964],"tool":false},{"direction":[-0.00866481,0.703329,-0.710811],"handId":3,"id":4,"length":56.196,"tipPosition":[-14.7239,437.266,-6.73307],"tipVelocity":[332.15,-151.169,-168.339],"tool":false},{"direction":[-0.0113641,0.664655,-0.747064],"handId":3,"id":12,"length":40.6367,"tipPosition":[-49.8411,438.485,12.047],"tipVelocity":[24.2235,-102.083,133.09],"tool":false},{"direction":[-0.0942169,0.690714,-0.716964],"handId":3,"id":13,"length":43.2635,"tipPosition":[-77.024,410.554,21.7338],"tipVelocity":[-126.793,110.609,145.856],"tool":false}],"r":[[-0.331099,-0.479835,0.812485],[0.883684,0.144249,0.445304],[-0.330872,0.865419,0.376261]],"s":1.52875,"t":[-307.159,-1000.5,-1284.37],"timestamp":582071784}|{"hands":[{"direction":[0.175327,0.683224,-0.707608],"id":3,"palmNormal":[0.0766436,-0.726072,-0.682183],"palmPosition":[-12.3362,348.506,73.0965],"palmVelocity":[45.4997,-100.639,63.4262],"r":[[0.637402,-0.770453,0.0109683],[0.724962,0.594823,-0.347298],[0.261052,0.22932,0.937691]],"s":0.850353,"sphereCenter":[-11.8886,376.606,47.4941],"sphereRadius":69.3064,"t":[-120.769,115.792,-171.859]}],"id":66973,"pointables":[{"direction":[0.00403757,0.688947,-0.724801],"handId":3,"id":4,"length":56.6192,"tipPosition":[-12.0213,435.115,-8.15365],"tipVelocity":[310.968,-247.521,-163.454],"tool":false},{"direction":[0.101294,0.450417,-0.887054],"handId":3,"id":2,"length":56.05,"tipPosition":[38.5616,384.381,-8.02468],"tipVelocity":[279.629,-750.416,-74.5124],"tool":false},{"direction":[-0.0136212,0.684961,-0.728452],"handId":3,"id":12,"length":42.7489,"tipPosition":[-49.6735,438.651,12.1358],"tipVelocity":[19.2848,19.0362,10.2196],"tool":false},{"direction":[-0.100158,0.70363,-0.703472],"handId":3,"id":13,"length":44.7571,"tipPosition":[-77.9503,411.117,22.6635],"tipVelocity":[-106.588,64.7674,106.972],"tool":false}],"r":[[-0.304206,-0.468096,0.829666],[0.893365,0.162157,0.419051],[-0.330692,0.868672,0.368851]],"s":1.57047,"t":[-305.287,-1002.14,-1284.76],"timestamp":582080475}|{"hands":[{"direction":[0.179611,0.682314,-0.707548],"id":3,"palmNormal":[0.0718445,-0.726785,-0.682182],"palmPosition":[-11.9378,347.966,72.9728],"palmVelocity":[45.8381,-62.0676,-14.2347],"r":[[0.663452,-0.748217,0.00140886],[0.703481,0.62314,-0.341777],[0.254845,0.227744,0.93978]],"s":0.887049,"sphereCenter":[-12.1645,376.824,48.2196],"sphereRadius":68.5926,"t":[-119.472,113.893,-171.528]}],"id":66974,"pointables":[{"direction":[0.0188223,0.679843,-0.733116],"handId":3,"id":4,"length":56.6799,"tipPosition":[-9.89798,430.906,-7.10008],"tipVelocity":[244.341,-484.373,121.24],"tool":false},{"direction":[0.14161,0.374964,-0.91616],"handId":3,"id":2,"length":57.2633,"tipPosition":[39.819,377.942,-5.31099],"tipVelocity":[144.706,-740.953,312.277],"tool":false},{"direction":[-0.0143786,0.697244,-0.71669],"handId":3,"id":12,"length":44.5851,"tipPosition":[-49.4891,438.532,12.462],"tipVelocity":[21.2155,-13.6141,37.5308],"tool":false},{"direction":[-0.105282,0.712824,-0.693396],"handId":3,"id":13,"length":45.8863,"tipPosition":[-78.7162,411.298,23.7086],"tipVelocity":[-88.1342,20.9182,120.27],"tool":false}],"r":[[-0.273391,-0.459552,0.845026],[0.90161,0.183705,0.391602],[-0.335197,0.868945,0.364113]],"s":1.60716,"t":[-303.99,-1004.04,-1284.43],"timestamp":582089165}|{"hands":[{"direction":[0.182842,0.680946,-0.708176],"id":3,"palmNormal":[0.0624608,-0.727642,-0.682225],"palmPosition":[-11.5036,348.326,71.8627],"palmVelocity":[49.9599,41.3505,-127.735],"r":[[0.68829,-0.7254,-0.00719381],[0.681782,0.650227,-0.335227],[0.247852,0.225829,0.94211]],"s":0.924101,"sphereCenter":[-12.1899,376.408,45.8675],"sphereRadius":67.5566,"t":[-118.303,112.129,-171.567]}],"id":66975,"pointables":[{"direction":[0.033659,0.647944,-0.760944],"handId":3,"id":4,"length":57.233,"tipPosition":[-7.39702,427.997,-9.56566],"tipVelocity":[287.765,-334.683,-283.693],"tool":false},{"direction":[0.170904,0.315189,-0.933514],"handId":3,"id":2,"length":58.5702,"tipPosition":[41.6493,372.505,-6.05196],"tipVelocity":[210.594,-625.637,-85.257],"tool":false},{"direction":[-0.0150682,0.70852,-0.70553],"handId":3,"id":12,"length":45.8864,"tipPosition":[-49.2377,438.185,12.3852],"tipVelocity":[28.9302,-40.0208,-8.83146],"tool":false},{"direction":[-0.10864,0.718068,-0.687441],"handId":3,"id":13,"length":46.4952,"tipPosition":[-79.3209,411.257,24.4752],"tipVelocity":[-69.5721,-4.77395,88.2008],"tool":false}],"r":[[-0.243203,-0.449966,0.859292],[0.908281,0.205255,0.364549],[-0.340409,0.869138,0.358776]],"s":1.64422,"t":[-302.821,-1005.8,-1284.47],"timestamp":582097856}|{"hands":[{"direction":[0.185256,0.677046,-0.711331],"id":3,"palmNormal":[0.0598014,-0.732669,-0.677156],"palmPosition":[-10.9199,348.356,70.722],"palmVelocity":[67.175,3.43812,-131.27],"r":[[0.711445,-0.702578,-0.0151793],[0.660213,0.675633,-0.328085],[0.240761,0.223392,0.944526]],"s":0.960547,"sphereCenter":[-13.4072,374.463,41.6045],"sphereRadius":66.8037,"t":[-117.285,110.789,-171.846]}],"id":66976,"pointables":[{"direction":[0.0493615,0.631514,-0.773791],"handId":3,"id":4,"length":58.3322,"tipPosition":[-5.15917,426.333,-11.6266],"tipVelocity":[257.52,-191.483,-237.168],"tool":false},{"direction":[0.19393,0.249244,-0.948825],"handId":3,"id":2,"length":59.8721,"tipPosition":[43.0755,367.218,-6.59712],"tipVelocity":[164.113,-608.368,-62.7338],"tool":false},{"direction":[-0.0166109,0.71822,-0.695618],"handId":3,"id":12,"length":46.8952,"tipPosition":[-48.9291,438.015,11.8908],"tipVelocity":[35.5032,-19.4893,-56.895],"tool":false},{"direction":[-0.110794,0.720255,-0.684805],"handId":3,"id":13,"length":47.8587,"tipPosition":[-79.7678,411.105,25.1221],"tipVelocity":[-51.4309,-17.4806,74.4528],"tool":false}],"r":[[-0.214003,-0.439989,0.872131],[0.913466,0.22619,0.338259],[-0.346097,0.86905,0.35351]],"s":1.68066,"t":[-301.803,-1007.14,-1284.75],"timestamp":582106546}|{"hands":[{"direction":[0.190724,0.667933,-0.718058],"id":3,"palmNormal":[0.0513905,-0.742961,-0.666072],"palmPosition":[-10.2481,347.359,70.0642],"palmVelocity":[25.766,-38.213,-25.227],"r":[[0.734484,-0.67818,-0.024607],[0.637247,0.701713,-0.318616],[0.233346,0.218337,0.947565]],"s":0.998154,"sphereCenter":[-14.1845,372.338,37.9237],"sphereRadius":66.4273,"t":[-116.109,109.167,-172.272]}],"id":66979,"pointables":[{"direction":[0.0667384,0.60758,-0.79145],"handId":3,"id":4,"length":59.8999,"tipPosition":[-2.2697,422.622,-14.5237],"tipVelocity":[110.827,-142.313,-111.119],"tool":false},{"direction":[0.218937,0.183406,-0.958347],"handId":3,"id":2,"length":61.3317,"tipPosition":[44.8238,359.784,-6.36914],"tipVelocity":[67.0576,-285.137,8.74407],"tool":false},{"direction":[-0.0154325,0.727178,-0.686276],"handId":3,"id":12,"length":47.9339,"tipPosition":[-48.0067,437.971,10.5195],"tipVelocity":[35.3816,-1.7073,-52.5984],"tool":false},{"direction":[-0.113306,0.721406,-0.68318],"handId":3,"id":13,"length":48.5388,"tipPosition":[-80.0035,411.006,25.4805],"tipVelocity":[-9.04096,-3.78403,13.7449],"tool":false}],"r":[[-0.182848,-0.430078,0.884081],[0.917151,0.249282,0.310955],[-0.35412,0.867693,0.348865]],"s":1.71827,"t":[-300.626,-1008.76,-1285.17],"timestamp":582132618}|{"hands":[{"direction":[0.196822,0.660093,-0.72341],"id":3,"palmNormal":[0.0427094,-0.750424,-0.658148],"palmPosition":[-9.83896,346.33,69.6291],"palmVelocity":[47.0781,-118.399,-50.071],"r":[[0.755939,-0.653738,-0.0343824],[0.614282,0.726511,-0.30796],[0.226305,0.211679,0.950778]],"s":1.03312,"sphereCenter":[-14.3048,370.39,35.7954],"sphereRadius":66.2069,"t":[-114.949,107.184,-172.695]}],"id":66980,"pointables":[{"direction":[0.0849066,0.587675,-0.80463],"handId":3,"id":4,"length":60.8292,"tipPosition":[0.0805931,418.856,-16.233],"tipVelocity":[270.428,-433.32,-196.671],"tool":false},{"direction":[0.237885,0.112928,-0.964706],"handId":3,"id":2,"length":62.3901,"tipPosition":[46.146,353.375,-5.95196],"tipVelocity":[152.132,-737.432,48.0018],"tool":false},{"direction":[-0.0137392,0.731609,-0.681586],"handId":3,"id":12,"length":48.6352,"tipPosition":[-47.0427,437.047,9.25984],"tipVelocity":[110.92,-106.226,-144.935],"tool":false},{"direction":[-0.113176,0.714465,-0.690457],"handId":3,"id":13,"length":49.3517,"tipPosition":[-80.0452,410.277,26.0713],"tipVelocity":[-4.79001,-83.8708,67.9753],"tool":false}],"r":[[-0.152023,-0.420467,0.894481],[0.919209,0.272451,0.284297],[-0.36324,0.865435,0.345078]],"s":1.75323,"t":[-299.466,-1010.75,-1285.59],"timestamp":582141309}|{"hands":[{"direction":[0.201753,0.653491,-0.727972],"id":3,"palmNormal":[0.0315769,-0.755478,-0.652918],"palmPosition":[-9.36315,345.679,68.6224],"palmVelocity":[54.7536,-74.9611,-115.842],"r":[[0.775498,-0.629788,-0.0443729],[0.591847,0.749649,-0.296213],[0.219816,0.203451,0.954091]],"s":1.0655,"sphereCenter":[-14.3246,369.067,34.2416],"sphereRadius":66.0288,"t":[-113.903,105.288,-173.096]}],"id":66981,"pointables":[{"direction":[0.100784,0.576622,-0.810771],"handId":3,"id":4,"length":63.1472,"tipPosition":[2.29913,415.878,-18.7513],"tipVelocity":[255.298,-342.783,-289.789],"tool":false},{"direction":[0.254856,0.0557679,-0.96537],"handId":3,"id":2,"length":63.0722,"tipPosition":[47.165,348.462,-5.18247],"tipVelocity":[117.271,-565.393,88.5491],"tool":false},{"direction":[-0.0112942,0.732644,-0.680519],"handId":3,"id":12,"length":49.2712,"tipPosition":[-46.2004,436.411,8.34132],"tipVelocity":[96.925,-73.2405,-105.698],"tool":false},{"direction":[-0.114028,0.712771,-0.692066],"handId":3,"id":13,"length":49.8801,"tipPosition":[-80.2295,410.6,26.2331],"tipVelocity":[-21.2171,37.0962,18.6218],"tool":false}],"r":[[-0.1221,-0.411422,0.903229],[0.919634,0.295397,0.258871],[-0.373316,0.862249,0.34229]],"s":1.78561,"t":[-298.421,-1012.64,-1286],"timestamp":582149999}|{"hands":[{"direction":[0.206623,0.648069,-0.731476],"id":3,"palmNormal":[0.0231529,-0.759009,-0.64931],"palmPosition":[-9.19922,344.767,68.2412],"palmVelocity":[18.8619,-104.969,-43.8592],"r":[[0.793294,-0.606404,-0.0544051],[0.569996,0.771117,-0.283695],[0.213986,0.194043,0.95737]],"s":1.09467,"sphereCenter":[-13.1176,368.623,34.5775],"sphereRadius":65.9552,"t":[-112.993,103.185,-173.44]}],"id":66982,"pointables":[{"direction":[0.117146,0.553201,-0.82477],"handId":3,"id":4,"length":66.052,"tipPosition":[4.00235,411.835,-19.7715],"tipVelocity":[195.975,-465.146,-117.383],"tool":false},{"direction":[0.269697,0.00349133,-0.962939],"handId":3,"id":2,"length":63.7871,"tipPosition":[47.9144,343.693,-4.56817],"tipVelocity":[86.2199,-548.683,70.6816],"tool":false},{"direction":[-0.011003,0.741979,-0.670333],"handId":3,"id":12,"length":50.1813,"tipPosition":[-45.3971,436.791,6.78955],"tipVelocity":[92.424,43.6789,-178.549],"tool":false},{"direction":[-0.114192,0.709168,-0.695731],"handId":3,"id":13,"length":50.1915,"tipPosition":[-80.2608,410.022,26.6808],"tipVelocity":[-3.59823,-66.5267,51.5169],"tool":false}],"r":[[-0.0931855,-0.402857,0.910507],[0.918638,0.317867,0.234659],[-0.383955,0.858293,0.340459]],"s":1.81478,"t":[-297.51,-1014.74,-1286.34],"timestamp":582158690}|{"hands":[{"direction":[0.211239,0.644111,-0.733757],"id":3,"palmNormal":[0.0103431,-0.75974,-0.64873],"palmPosition":[-9.04017,344.075,67.5466],"palmVelocity":[18.3002,-79.5696,-79.9215],"r":[[0.809095,-0.584233,-0.0635343],[0.54933,0.79028,-0.271467],[0.20881,0.184741,0.960348]],"s":1.12012,"sphereCenter":[-13.8148,365.895,32.4834],"sphereRadius":66.0336,"t":[-112.142,100.739,-173.724]}],"id":66983,"pointables":[{"direction":[0.133226,0.529425,-0.83783],"handId":3,"id":4,"length":66.3152,"tipPosition":[5.79507,408.673,-21.9697],"tipVelocity":[206.273,-363.877,-252.937],"tool":false},{"direction":[0.281298,-0.0341153,-0.959014],"handId":3,"id":2,"length":64.3031,"tipPosition":[48.6342,339.407,-4.31369],"tipVelocity":[82.8284,-493.157,29.2812],"tool":false},{"direction":[-0.00809805,0.737973,-0.674782],"handId":3,"id":12,"length":50.6141,"tipPosition":[-44.5365,434.376,6.50059],"tipVelocity":[99.0263,-277.823,-33.2481],"tool":false},{"direction":[-0.113779,0.707308,-0.697688],"handId":3,"id":13,"length":50.1796,"tipPosition":[-80.3487,410.126,26.5202],"tipVelocity":[-10.1132,12.0489,-18.4777],"tool":false}],"r":[[-0.066397,-0.394504,0.916492],[0.916668,0.338667,0.212189],[-0.394096,0.854208,0.339143]],"s":1.84023,"t":[-296.66,-1017.19,-1286.62],"timestamp":582167381}|{"hands":[{"direction":[0.216442,0.638742,-0.736932],"id":3,"palmNormal":[-0.00013853,-0.762472,-0.645648],"palmPosition":[-8.9362,343.226,67.0343],"palmVelocity":[11.9645,-97.7504,-58.9565],"r":[[0.823595,-0.562499,-0.072703],[0.52911,0.808148,-0.258729],[0.20429,0.17462,0.96321]],"s":1.14273,"sphereCenter":[-13.8905,363.783,31.8258],"sphereRadius":66.3637,"t":[-111.332,98.4137,-174.231]}],"id":66984,"pointables":[{"direction":[0.149807,0.504739,-0.850175],"handId":3,"id":4,"length":69.0649,"tipPosition":[7.34269,405.092,-23.2281],"tipVelocity":[178.092,-412.07,-144.81],"tool":false},{"direction":[0.285748,-0.0865493,-0.954388],"handId":3,"id":2,"length":64.8772,"tipPosition":[49.1978,335.269,-4.1893],"tipVelocity":[64.8553,-476.171,14.3146],"tool":false},{"direction":[-0.00477191,0.737413,-0.675425],"handId":3,"id":12,"length":51.1731,"tipPosition":[-43.5616,433.546,4.7268],"tipVelocity":[112.185,-95.5574,-204.118],"tool":false},{"direction":[-0.114761,0.70998,-0.694809],"handId":3,"id":13,"length":50.3732,"tipPosition":[-80.4706,410.599,26.3185],"tipVelocity":[-14.0253,54.4321,-23.2211],"tool":false}],"r":[[-0.0403609,-0.386523,0.921396],[0.913649,0.359033,0.190635],[-0.404496,0.849526,0.338655]],"s":1.86284,"t":[-295.85,-1019.52,-1287.13],"timestamp":582176071}|{"hands":[{"direction":[0.22164,0.634384,-0.739202],"id":3,"palmNormal":[-0.0129787,-0.763191,-0.644606],"palmPosition":[-8.88404,342.054,66.8945],"palmVelocity":[6.00202,-134.816,-16.088],"r":[[0.836516,-0.541876,-0.0813069],[0.509978,0.824211,-0.246168],[0.200407,0.164459,0.965811]],"s":1.16233,"sphereCenter":[-13.8208,361.584,31.5753],"sphereRadius":66.7694,"t":[-110.588,96.0534,-174.658]}],"id":66985,"pointables":[{"direction":[0.166105,0.481636,-0.860486],"handId":3,"id":4,"length":69.4276,"tipPosition":[8.70686,401.415,-24.0022],"tipVelocity":[156.963,-423,-89.0627],"tool":false},{"direction":[0.289468,-0.130196,-0.948292],"handId":3,"id":2,"length":65.1135,"tipPosition":[49.642,331.34,-4.071],"tipVelocity":[51.1008,-452.124,13.6112],"tool":false},{"direction":[-0.00219196,0.737785,-0.675032],"handId":3,"id":12,"length":51.6764,"tipPosition":[-42.648,432.432,3.12959],"tipVelocity":[105.118,-128.148,-183.778],"tool":false},{"direction":[-0.114941,0.713367,-0.6913],"handId":3,"id":13,"length":50.5077,"tipPosition":[-80.3377,410.029,26.3977],"tipVelocity":[15.2853,-65.6194,9.11402],"tool":false}],"r":[[-0.0160192,-0.378918,0.925292],[0.909894,0.378137,0.170604],[-0.414532,0.84465,0.338718]],"s":1.88245,"t":[-295.105,-1021.88,-1287.56],"timestamp":582184762}|{"hands":[{"direction":[0.225845,0.628919,-0.742609],"id":3,"palmNormal":[-0.0235119,-0.765891,-0.641135],"palmPosition":[-8.76547,340.977,66.4325],"palmVelocity":[13.6441,-123.951,-53.1672],"r":[[0.848002,-0.522432,-0.0892078],[0.492019,0.838575,-0.2339],[0.197004,0.154456,0.968159]],"s":1.17975,"sphereCenter":[-13.9239,359.215,30.6998],"sphereRadius":66.9617,"t":[-109.894,93.4878,-175.195]}],"id":66986,"pointables":[{"direction":[0.180418,0.46333,-0.867626],"handId":3,"id":4,"length":70.2029,"tipPosition":[10.2908,397.986,-25.7946],"tipVelocity":[182.275,-394.681,-206.264],"tool":false},{"direction":[0.290116,-0.177561,-0.940375],"handId":3,"id":2,"length":65.3086,"tipPosition":[49.9766,327.538,-3.84768],"tipVelocity":[38.5105,-437.422,25.6986],"tool":false},{"direction":[0.00143484,0.734714,-0.678375],"handId":3,"id":12,"length":52.2518,"tipPosition":[-41.6949,430.32,2.00806],"tipVelocity":[109.679,-243.019,-129.059],"tool":false},{"direction":[-0.114608,0.71466,-0.690019],"handId":3,"id":13,"length":50.4148,"tipPosition":[-80.1605,409.529,26.2253],"tipVelocity":[20.3953,-57.594,-19.8392],"tool":false}],"r":[[0.00654706,-0.371623,0.928361],[0.905579,0.395963,0.152117],[-0.424126,0.839708,0.339126]],"s":1.89986,"t":[-294.411,-1024.44,-1288.09],"timestamp":582193452}|{"hands":[{"direction":[0.230446,0.621948,-0.746965],"id":3,"palmNormal":[-0.0305234,-0.770776,-0.635032],"palmPosition":[-8.66813,339.908,66.0827],"palmVelocity":[11.2,-123.017,-40.2417],"r":[[0.858405,-0.503635,-0.0974259],[0.474721,0.851902,-0.221138],[0.19437,0.143576,0.970364]],"s":1.19505,"sphereCenter":[-13.3803,357.969,31.0204],"sphereRadius":67.2707,"t":[-109.221,91.0355,-175.838]}],"id":66987,"pointables":[{"direction":[0.195196,0.442153,-0.875442],"handId":3,"id":4,"length":72.6919,"tipPosition":[11.6012,394.425,-26.7108],"tipVelocity":[150.775,-409.661,-105.422],"tool":false},{"direction":[0.292469,-0.191077,-0.936991],"handId":3,"id":2,"length":65.3499,"tipPosition":[50.3238,324.162,-3.48229],"tipVelocity":[39.9472,-388.525,42.0419],"tool":false},{"direction":[0.00546326,0.729921,-0.68351],"handId":3,"id":12,"length":52.6995,"tipPosition":[-40.74,429.019,0.201288],"tipVelocity":[109.88,-149.708,-207.89],"tool":false},{"direction":[-0.113716,0.717053,-0.68768],"handId":3,"id":13,"length":50.558,"tipPosition":[-80.0856,409.898,25.6429],"tipVelocity":[8.616,42.5229,-67.004],"tool":false}],"r":[[0.028466,-0.365037,0.930558],[0.900482,0.413518,0.134667],[-0.433961,0.834117,0.34048]],"s":1.91517,"t":[-293.739,-1026.89,-1288.74],"timestamp":582202143}|{"hands":[{"direction":[0.235518,0.615341,-0.750787],"id":3,"palmNormal":[-0.0413548,-0.773883,-0.630591],"palmPosition":[-8.61963,338.784,65.7055],"palmVelocity":[5.58084,-129.227,-43.3998],"r":[[0.86765,-0.485822,-0.105644],[0.458422,0.863996,-0.208232],[0.19244,0.132243,0.972357]],"s":1.20923,"sphereCenter":[-13.1714,356.316,30.8359],"sphereRadius":67.474,"t":[-108.591,88.6682,-176.53]}],"id":66988,"pointables":[{"direction":[0.208938,0.422923,-0.881749],"handId":3,"id":4,"length":74.7026,"tipPosition":[12.9955,390.727,-27.7719],"tipVelocity":[160.429,-425.502,-122.09],"tool":false},{"direction":[0.292885,-0.209083,-0.933007],"handId":3,"id":2,"length":65.085,"tipPosition":[50.5913,320.685,-2.93883],"tipVelocity":[30.7754,-400.063,62.5316],"tool":false},{"direction":[0.00837736,0.730063,-0.683329],"handId":3,"id":12,"length":54.6288,"tipPosition":[-39.8319,427.931,-1.59137],"tipVelocity":[104.481,-125.19,-206.266],"tool":false},{"direction":[-0.112537,0.715831,-0.689145],"handId":3,"id":13,"length":50.4452,"tipPosition":[-79.855,409.203,25.2226],"tipVelocity":[26.5329,-79.9247,-48.3647],"tool":false}],"r":[[0.0492815,-0.359146,0.931979],[0.894809,0.430421,0.11855],[-0.44372,0.828101,0.342579]],"s":1.92934,"t":[-293.108,-1029.26,-1289.43],"timestamp":582210834}|{"hands":[{"direction":[0.238941,0.607377,-0.756057],"id":3,"palmNormal":[-0.0472629,-0.779788,-0.622869],"palmPosition":[-8.56051,337.495,65.737],"palmVelocity":[6.80331,-148.356,3.61712],"r":[[0.876021,-0.468508,-0.114399],[0.442736,0.875313,-0.194451],[0.191237,0.119695,0.974218]],"s":1.22276,"sphereCenter":[-12.3372,355.866,31.5483],"sphereRadius":67.6301,"t":[-107.976,86.5242,-177.238]}],"id":66989,"pointables":[{"direction":[0.22204,0.401046,-0.888741],"handId":3,"id":4,"length":76.0121,"tipPosition":[14.3856,386.725,-28.7032],"tipVelocity":[159.965,-460.573,-107.166],"tool":false},{"direction":[0.0107804,0.7317,-0.681542],"handId":3,"id":12,"length":57.3938,"tipPosition":[-38.818,427.304,-4.06707],"tipVelocity":[116.676,-72.1679,-284.891],"tool":false},{"direction":[0.297002,-0.219164,-0.929385],"handId":3,"id":2,"length":64.9986,"tipPosition":[50.7777,317.471,-2.07963],"tipVelocity":[21.4557,-369.86,98.8726],"tool":false},{"direction":[-0.111604,0.714772,-0.690395],"handId":3,"id":13,"length":50.6887,"tipPosition":[-79.6723,408.939,24.7083],"tipVelocity":[21.0306,-30.3835,-59.1841],"tool":false}],"r":[[0.0697638,-0.354023,0.932631],[0.88828,0.447507,0.103426],[-0.453974,0.821222,0.345691]],"s":1.94288,"t":[-292.493,-1031.41,-1290.14],"timestamp":582219524}|{"hands":[{"direction":[0.243236,0.598901,-0.761284],"id":3,"palmNormal":[-0.0550283,-0.785219,-0.615329],"palmPosition":[-8.52739,336.374,65.5743],"palmVelocity":[3.81076,-129.004,-18.7131],"r":[[0.883472,-0.452032,-0.123065],[0.427947,0.885573,-0.180616],[0.190627,0.106904,0.975824]],"s":1.23448,"sphereCenter":[-12.0465,354.443,31.6886],"sphereRadius":67.9323,"t":[-107.354,83.9055,-177.879]}],"id":66990,"pointables":[{"direction":[0.234266,0.378194,-0.895594],"handId":3,"id":4,"length":76.6423,"tipPosition":[15.7998,382.571,-29.4242],"tipVelocity":[162.719,-477.936,-82.9651],"tool":false},{"direction":[0.0155434,0.725226,-0.688335],"handId":3,"id":12,"length":59.0094,"tipPosition":[-37.7899,424.569,-5.36359],"tipVelocity":[118.293,-314.677,-149.179],"tool":false},{"direction":[0.296503,-0.23991,-0.924407],"handId":3,"id":2,"length":64.989,"tipPosition":[51.005,314.019,-1.2619],"tipVelocity":[26.1561,-397.185,94.0892],"tool":false},{"direction":[-0.110576,0.713476,-0.691899],"handId":3,"id":13,"length":51.96,"tipPosition":[-79.4809,408.449,24.278],"tipVelocity":[22.0208,-56.4508,-49.5081],"tool":false}],"r":[[0.0892751,-0.349423,0.932702],[0.881314,0.463983,0.0894681],[-0.46402,0.814017,0.349374]],"s":1.9546,"t":[-291.872,-1034.02,-1290.78],"timestamp":582228215}|{"hands":[{"direction":[0.247722,0.588483,-0.767637],"id":3,"palmNormal":[-0.0604767,-0.79283,-0.604808],"palmPosition":[-8.37078,335.113,65.3539],"palmVelocity":[18.0223,-145.06,-25.3647],"r":[[0.890122,-0.436247,-0.131799],[0.41395,0.894938,-0.16653],[0.1906,0.0936741,0.977188]],"s":1.24528,"sphereCenter":[-11.9091,352.698,31.8248],"sphereRadius":68.2943,"t":[-106.716,81.1925,-178.618]}],"id":66991,"pointables":[{"direction":[0.245319,0.354588,-0.902267],"handId":3,"id":4,"length":76.9,"tipPosition":[17.2844,378.326,-30.427],"tipVelocity":[170.839,-488.5,-115.396],"tool":false},{"direction":[0.0205918,0.718742,-0.694972],"handId":3,"id":12,"length":59.7543,"tipPosition":[-36.7312,422.159,-6.75454],"tipVelocity":[121.832,-277.307,-160.064],"tool":false},{"direction":[0.297593,-0.252514,-0.920693],"handId":3,"id":2,"length":64.9271,"tipPosition":[51.2587,310.814,-0.337428],"tipVelocity":[29.1951,-368.787,106.383],"tool":false},{"direction":[-0.110555,0.715657,-0.689647],"handId":3,"id":13,"length":52.2819,"tipPosition":[-79.2788,408.05,23.6092],"tipVelocity":[23.2523,-45.8605,-76.9614],"tool":false}],"r":[[0.108058,-0.345363,0.932227],[0.873865,0.4801,0.0765702],[-0.474007,0.806367,0.35368]],"s":1.9654,"t":[-291.233,-1036.74,-1291.52],"timestamp":582236905}|{"hands":[{"direction":[0.252625,0.578798,-0.773201],"id":3,"palmNormal":[-0.0651309,-0.799218,-0.59587],"palmPosition":[-8.33299,334.18,64.9273],"palmVelocity":[4.34791,-107.461,-49.0854],"r":[[0.895945,-0.421572,-0.139854],[0.401089,0.903171,-0.153004],[0.190815,0.0809896,0.978279]],"s":1.25509,"sphereCenter":[-11.3082,351.333,31.8351],"sphereRadius":68.3744,"t":[-106.01,78.2715,-179.179]}],"id":66992,"pointables":[{"direction":[0.256707,0.329088,-0.908737],"handId":3,"id":4,"length":76.8654,"tipPosition":[18.8121,373.922,-31.2285],"tipVelocity":[175.78,-506.781,-92.219],"tool":false},{"direction":[0.025155,0.713659,-0.700041],"handId":3,"id":12,"length":60.1943,"tipPosition":[-35.6684,419.408,-8.06409],"tipVelocity":[122.287,-316.548,-150.679],"tool":false},{"direction":[0.295898,-0.266746,-0.917219],"handId":3,"id":2,"length":64.6772,"tipPosition":[51.4198,307.307,0.483215],"tipVelocity":[18.5338,-403.537,94.4244],"tool":false},{"direction":[-0.109917,0.710908,-0.694642],"handId":3,"id":13,"length":52.4122,"tipPosition":[-78.7977,406.259,23.6427],"tipVelocity":[55.3559,-206.102,3.85089],"tool":false}],"r":[[0.12535,-0.341559,0.931464],[0.866402,0.495104,0.0649553],[-0.483358,0.79888,0.357988]],"s":1.97521,"t":[-290.528,-1039.66,-1292.08],"timestamp":582245596}|{"hands":[{"direction":[0.256706,0.568094,-0.77954],"id":3,"palmNormal":[-0.0675672,-0.806987,-0.584924],"palmPosition":[-8.22428,333.058,64.8445],"palmVelocity":[12.5076,-129.08,-9.53181],"r":[[0.90121,-0.407064,-0.148724],[0.388635,0.910949,-0.138327],[0.191788,0.0668619,0.979156]],"s":1.26355,"sphereCenter":[-11.345,349.438,31.9882],"sphereRadius":68.5909,"t":[-105.269,75.2849,-179.877]}],"id":66993,"pointables":[{"direction":[0.268869,0.294525,-0.917041],"handId":3,"id":4,"length":77.052,"tipPosition":[20.3577,368.727,-31.7806],"tipVelocity":[177.845,-597.686,-63.5301],"tool":false},{"direction":[0.0309404,0.705602,-0.707933],"handId":3,"id":12,"length":60.7423,"tipPosition":[-34.3909,416.289,-10.0972],"tipVelocity":[146.986,-358.899,-233.935],"tool":false},{"direction":[0.295764,-0.280542,-0.913137],"handId":3,"id":2,"length":64.7173,"tipPosition":[51.5498,304.322,1.50716],"tipVelocity":[14.9547,-343.438,117.816],"tool":false},{"direction":[-0.108973,0.71184,-0.693836],"handId":3,"id":13,"length":52.5796,"tipPosition":[-78.5226,405.947,22.5259],"tipVelocity":[31.6532,-35.8866,-128.495],"tool":false}],"r":[[0.142827,-0.3385,0.930064],[0.858055,0.5107,0.0541027],[-0.493297,0.790318,0.363393]],"s":1.98367,"t":[-289.787,-1042.64,-1292.78],"timestamp":582254287}|{"hands":[{"direction":[0.261673,0.556676,-0.785831],"id":3,"palmNormal":[-0.0730244,-0.814123,-0.574171],"palmPosition":[-8.15574,332.023,64.7132],"palmVelocity":[7.8881,-119.037,-15.1012],"r":[[0.905874,-0.392777,-0.15849],[0.376712,0.918209,-0.12239],[0.193598,0.0511645,0.979746]],"s":1.27102,"sphereCenter":[-11.1246,347.835,32.2848],"sphereRadius":68.7919,"t":[-104.546,72.4118,-180.542]}],"id":66994,"pointables":[{"direction":[0.280702,0.260124,-0.923873],"handId":3,"id":4,"length":76.9844,"tipPosition":[21.8794,364.206,-32.2654],"tipVelocity":[175.104,-520.251,-55.787],"tool":false},{"direction":[0.0371435,0.695875,-0.717202],"handId":3,"id":12,"length":61.4836,"tipPosition":[-33.1941,413.279,-11.9442],"tipVelocity":[137.731,-346.324,-212.547],"tool":false},{"direction":[0.294318,-0.293781,-0.909434],"handId":3,"id":2,"length":64.5394,"tipPosition":[51.3176,301.812,3.44009],"tipVelocity":[-26.7138,-288.827,222.432],"tool":false},{"direction":[-0.106406,0.707278,-0.698881],"handId":3,"id":13,"length":52.4853,"tipPosition":[-78.3074,405.859,21.7464],"tipVelocity":[24.7606,-10.1717,-89.706],"tool":false}],"r":[[0.160482,-0.336287,0.927985],[0.84876,0.526931,0.0441701],[-0.503838,0.780548,0.36999]],"s":1.99113,"t":[-289.063,-1045.52,-1293.44],"timestamp":582262977}|{"hands":[{"direction":[0.264924,0.543915,-0.793301],"id":3,"palmNormal":[-0.0792354,-0.822294,-0.561258],"palmPosition":[-8.00321,330.74,64.5542],"palmVelocity":[17.5505,-147.613,-18.2945],"r":[[0.909954,-0.378723,-0.168974],[0.365412,0.924888,-0.105153],[0.196106,0.0339389,0.979995]],"s":1.27738,"sphereCenter":[-10.8863,346.375,32.6752],"sphereRadius":68.9859,"t":[-103.819,69.6078,-181.055]}],"id":66995,"pointables":[{"direction":[0.292731,0.21405,-0.931929],"handId":3,"id":4,"length":76.8636,"tipPosition":[23.1192,358.762,-32.105],"tipVelocity":[142.657,-626.396,18.4542],"tool":false},{"direction":[0.0433615,0.683838,-0.728344],"handId":3,"id":12,"length":61.9243,"tipPosition":[-31.941,410.152,-14.6648],"tipVelocity":[144.181,-359.852,-313.026],"tool":false},{"direction":[0.292808,-0.301894,-0.907262],"handId":3,"id":2,"length":64.4057,"tipPosition":[51.2406,299.47,4.88456],"tipVelocity":[-8.86677,-269.493,166.204],"tool":false},{"direction":[-0.105003,0.705865,-0.700521],"handId":3,"id":13,"length":52.4827,"tipPosition":[-78.0881,405.457,20.8655],"tipVelocity":[25.2355,-46.2743,-101.353],"tool":false}],"r":[[0.178208,-0.334792,0.925287],[0.838481,0.543789,0.0352677],[-0.514968,0.76955,0.377624]],"s":1.99749,"t":[-288.337,-1048.32,-1293.95],"timestamp":582271668}|{"hands":[{"direction":[0.270079,0.530907,-0.800021],"id":3,"palmNormal":[-0.0776539,-0.831551,-0.54741],"palmPosition":[-7.80333,329.645,64.4741],"palmVelocity":[23.0011,-126.076,-9.22187],"r":[[0.913251,-0.365879,-0.179181],[0.355523,0.930513,-0.0880293],[0.198938,0.01669,0.97987]],"s":1.28233,"sphereCenter":[-10.5394,344.855,32.9894],"sphereRadius":69.0818,"t":[-103.139,66.8868,-181.316]}],"id":66996,"pointables":[{"direction":[0.301773,0.17317,-0.937521],"handId":3,"id":4,"length":77.2791,"tipPosition":[24.1939,353.286,-31.5603],"tipVelocity":[123.671,-630.123,62.6889],"tool":false},{"direction":[0.0492084,0.673158,-0.73786],"handId":3,"id":12,"length":62.3974,"tipPosition":[-30.9286,406.907,-16.7645],"tipVelocity":[116.506,-373.378,-241.631],"tool":false},{"direction":[0.290479,-0.311873,-0.904631],"handId":3,"id":2,"length":64.733,"tipPosition":[51.3696,297.438,5.7577],"tipVelocity":[14.8517,-233.793,100.476],"tool":false},{"direction":[-0.103614,0.703297,-0.703305],"handId":3,"id":13,"length":52.3949,"tipPosition":[-77.8313,403.973,20.3],"tipVelocity":[29.5596,-170.689,-65.0823],"tool":false}],"r":[[0.19464,-0.333919,0.922287],[0.828065,0.559934,0.0279712],[-0.52576,0.758269,0.385492]],"s":2.00245,"t":[-287.656,-1051.04,-1294.22],"timestamp":582280358}|{"hands":[{"direction":[0.27234,0.517503,-0.807717],"id":3,"palmNormal":[-0.0803326,-0.840306,-0.533251],"palmPosition":[-7.69177,328.47,64.5959],"palmVelocity":[12.8358,-135.13,14.0097],"r":[[0.915716,-0.354192,-0.18977],[0.347155,0.935172,-0.0702686],[0.202356,-0.00153357,0.979311]],"s":1.28608,"sphereCenter":[-9.99295,344.047,33.4661],"sphereRadius":69.1539,"t":[-102.449,64.3547,-181.7]}],"id":66997,"pointables":[{"direction":[0.311236,0.128049,-0.941666],"handId":3,"id":4,"length":77.1094,"tipPosition":[25.1997,347.873,-30.9068],"tipVelocity":[115.724,-622.89,75.1906],"tool":false},{"direction":[0.0550507,0.659685,-0.749523],"handId":3,"id":12,"length":63.0079,"tipPosition":[-29.9223,403.351,-19.6146],"tipVelocity":[115.783,-409.167,-327.929],"tool":false},{"direction":[0.28954,-0.316318,-0.903388],"handId":3,"id":2,"length":64.6176,"tipPosition":[51.7604,296.308,6.20998],"tipVelocity":[44.958,-130.045,52.0396],"tool":false},{"direction":[-0.104663,0.706082,-0.700352],"handId":3,"id":13,"length":52.4632,"tipPosition":[-77.9834,403.549,18.8376],"tipVelocity":[-17.5112,-48.7655,-168.257],"tool":false}],"r":[[0.210205,-0.334128,0.918789],[0.817144,0.575993,0.0225158],[-0.536739,0.74605,0.394107]],"s":2.00619,"t":[-286.967,-1053.57,-1294.6],"timestamp":582289049}|{"hands":[{"direction":[0.274269,0.505601,-0.814507],"id":3,"palmNormal":[-0.0784151,-0.848374,-0.520603],"palmPosition":[-7.59126,327.284,64.9171],"palmVelocity":[11.5646,-136.493,36.968],"r":[[0.917037,-0.345012,-0.200024],[0.341509,0.938389,-0.0528906],[0.205948,-0.0198073,0.978362]],"s":1.28763,"sphereCenter":[-9.77965,342.825,33.88],"sphereRadius":69.2781,"t":[-101.747,61.5213,-182.219]}],"id":66998,"pointables":[{"direction":[0.318598,0.0726553,-0.945101],"handId":3,"id":4,"length":76.7497,"tipPosition":[26.2355,342.213,-30.5399],"tipVelocity":[119.181,-651.257,42.2099],"tool":false},{"direction":[0.0608728,0.643306,-0.763185],"handId":3,"id":12,"length":63.6788,"tipPosition":[-29.0668,398.893,-22.1066],"tipVelocity":[98.4307,-512.924,-286.733],"tool":false},{"direction":[0.288873,-0.321484,-0.901776],"handId":3,"id":2,"length":64.6416,"tipPosition":[52.3348,295.906,6.25717],"tipVelocity":[66.0964,-46.2938,5.42966],"tool":false},{"direction":[-0.104692,0.699989,-0.706438],"handId":3,"id":13,"length":51.9288,"tipPosition":[-78.0819,401.738,17.4807],"tipVelocity":[-1